151 0 G02-86-0432155 1
152 0 G00-01-4063130 1
153 0 G09-59-2130612 1
154 0 G18-86-2773565 1
155 0 G00-06-1901935 1
156 0 G00-62-1182996 1
157 0 G38-21-1347178 1
158 0 G00-06-1168781 1
159 0 G12-81-0561671 1
160 0 G29-09-0183573 1
161 0 G00-07-2267029 1
162 0 G03-46-2301996 1
162 0 G21-97-0732334 1
163 0 G01-41-1040687 1
164 0 G01-13-1638035 1
165 0 G05-29-3887846 1
166 0 G00-05-1048364 1
167 0 G00-07-2100195 1
167 0 G01-51-0988286 1
168 0 G05-75-3787300 1
169 0 G26-26-2724981 1
170 0 G03-18-3047687 1
171 0 G05-65-1115124 1
172 0 G00-04-0450272 1
173 0 G30-22-0634599 1
174 0 G00-05-2191460 1
175 0 G00-08-1545648 1
176 0 G00-05-1691831 1
177 0 G08-98-0529731 1
178 0 G27-60-0766493 1
179 0 G14-63-3896360 1
180 0 G01-10-0197333 1
181 0 G11-15-1109669 1
182 0 G10-41-3799956 1
183 0 G00-47-3695515 1
184 0 G00-09-2318516 1
185 0 G09-84-0901888 1
186 0 G05-58-0408336 1
187 0 G00-00-1197068 1
188 0 G13-95-1742352 1
189 0 G13-95-1839648 1
190 0 G12-62-0603473 1
191 0 G22-97-1813350 1
192 0 G00-02-0267227 1
192 0 G01-84-2237979 1
192 0 G15-14-0087416 1
193 0 G01-08-1744986 1
194 0 G19-46-3520385 1
195 0 G01-89-3134005 1
196 0 G11-02-0506891 1
197 0 G02-39-0602826 1
198 0 G06-49-4085710 1
199 0 G00-07-2344674 1
199 0 G03-62-4186227 1
200 0 G00-20-3469795 1
201 0 G00-06-1119476 1
202 0 G02-79-1274130 1
203 0 G07-74-1660473 1
204 0 G01-79-2398794 1
205 0 G00-06-2757534 1
206 0 G01-47-2760482 1
206 0 G13-57-3495034 1
207 0 G06-14-0607735 1
208 0 G00-58-0058694 1
209 0 G15-45-0514842 1
210 0 G31-45-1101658 1
211 0 G20-00-3765606 1
212 0 G13-07-1327674 1
213 0 G21-80-1518286 1
214 0 G25-38-1897271 1
215 0 G39-87-0438326 1
216 0 G16-34-2928261 1
217 0 G00-22-2321564 1
218 0 G08-72-3439818 1
219 0 G44-33-3832093 1
220 0 G03-86-1005049 1
221 0 G10-06-2101079 1
222 0 G00-47-3397322 1
223 0 G02-63-3169547 1
224 0 G11-22-2789697 1
225 0 G00-32-1570697 1
226 0 G00-06-3460256 1
227 0 G12-49-0026665 1
228 0 G21-35-2914731 1
229 0 G13-59-1527295 1
230 0 G10-00-1476505 1
231 0 G42-96-4085837 1
232 0 G00-58-2492909 1
232 0 G05-19-3461674 1
233 0 G01-64-4187471 1
234 0 G40-03-0571799 1
235 0 G00-91-2662911 1
235 0 G12-73-1040755 1
236 0 G09-57-0234255 1
237 0 G04-60-2577862 1
238 0 G00-61-0057285 1
239 0 G02-02-1505746 1
240 0 G23-63-0382471 1
241 0 G00-27-0213909 1
242 0 G29-01-2096911 1
243 0 G07-27-1959634 1
244 0 G00-59-0523165 1
244 0 G00-88-2629440 1
244 0 G00-95-3755341 1
244 0 G02-93-4116586 1
244 0 G06-67-0143723 1
244 0 G11-33-2520096 1
245 0 G01-95-1202288 1
245 0 G16-74-4058597 1
245 0 G20-14-1546894 1
246 0 G21-84-1516023 1
247 0 G01-24-1621032 1
248 0 G01-13-1437982 1
249 0 G13-40-1674647 1
250 0 G08-32-0876778 1
251 0 G10-68-1007742 1
252 0 G04-56-3599804 1
253 0 G07-67-2022862 1
254 0 G01-18-3117283 1
255 0 G42-87-0929765 1
256 0 G32-48-0212112 1
257 0 G00-09-0389436 1
257 0 G01-78-1927765 1
258 0 G03-10-3984477 1
259 0 G00-91-0284979 1
260 0 G14-78-2020784 1
261 0 G05-11-1585680 1
262 0 G00-03-0192125 1
263 0 G00-02-2246284 1
264 0 G00-99-3613365 1
265 0 G06-40-4177813 1
266 0 G00-10-0345415 1
267 0 G00-17-2941087 1
268 0 G04-91-1779147 1
269 0 G00-06-1479477 1
270 0 G01-36-0422638 1
271 0 G00-29-1467190 1
272 0 G08-55-0722611 1
273 0 G00-03-1898526 1
274 0 G25-55-1744329 1
275 0 G00-53-3067549 1
276 0 G33-02-1856340 1
277 0 G26-05-1034140 1
278 0 G41-10-0812543 1
279 0 G13-64-0307946 1
279 0 G36-95-2663051 1
280 0 G00-05-2815956 1
281 0 G03-46-3764518 1
282 0 G00-21-0181517 1
283 0 G00-01-1243799 1
283 0 G00-11-0523197 1
283 0 G00-22-0758032 1
283 0 G01-76-2489071 1
284 0 G04-23-3457173 1
285 0 G01-93-0729357 1
285 0 G02-73-2008374 1
285 0 G10-92-1515941 1
285 0 G12-01-3495935 1
285 0 G28-09-0000000 1
286 0 G29-21-0711597 1
287 0 G13-42-2392393 1
288 0 G00-03-3649117 1
289 0 G39-08-3341010 1
290 0 G01-81-1711174 1
291 0 G07-36-3738626 1
292 0 G01-41-0499245 1
293 0 G38-46-0974385 1
294 0 G00-09-2332892 1
294 0 G00-66-4094171 1
294 0 G08-41-4046345 1
295 0 G00-45-0068478 1
296 0 G28-82-3492428 1
297 0 G00-10-3555679 1
297 0 G00-64-1085556 1
298 0 G40-15-2129306 1
299 0 G00-72-2502014 1
300 0 G21-80-3588627 1
301 0 G00-27-0983069 1
302 0 G01-94-1563497 1
303 0 G16-94-1320550 1
304 0 G12-61-3712994 1
304 0 G30-03-0598768 1
305 0 G00-08-2045138 1
306 0 G13-06-1036173 1
307 0 G00-05-3621484 1
307 0 G00-76-2156458 1
308 0 G00-05-3764273 1
309 0 G00-06-0808843 1
310 0 G13-10-0168203 1
311 0 G00-03-2245885 1
312 0 G07-53-3367895 1
313 0 G08-70-3797818 1
314 0 G04-27-0048154 1
315 0 G19-52-1930388 1
316 0 G04-95-3337925 1
317 0 G01-70-3586511 1
317 0 G03-86-0523522 1
318 0 G04-83-0172385 1
319 0 G08-40-2114191 1
320 0 G16-22-2425660 1
321 0 G00-05-3832940 1
321 0 G06-55-0593242 1
321 0 G19-48-2871466 1
321 0 G19-89-1374664 1
322 0 G11-11-3624702 1
323 0 G01-36-2029521 1
324 0 G11-72-3059532 1
325 0 G38-34-3844909 1
326 0 G00-05-3251004 1
327 0 G08-04-3502049 1
328 0 G00-01-3436634 1
328 0 G00-10-2460016 1
328 0 G18-09-2801387 1
328 0 G28-78-1156750 1
329 0 G01-38-0065116 1
330 0 G01-08-1232824 1
331 0 G28-30-0257091 1
332 0 G00-03-3635966 1
333 0 G02-14-2571254 1
334 0 G00-08-0435196 1
335 0 G02-12-0462513 1
335 0 G20-04-3101592 1
336 0 G00-08-2440556 1
337 0 G06-46-3150393 1
338 0 G11-48-0647168 1
339 0 G00-04-0713283 1
339 0 G00-05-4074066 1
339 0 G01-26-3878517 1
339 0 G08-50-3016261 1
340 0 G00-66-3935006 1
341 0 G41-29-3520400 1
342 0 G15-31-0446273 1
343 0 G06-05-3462772 1
344 0 G01-01-1238935 1
345 0 G00-99-1022454 1
346 0 G00-01-0136860 1
347 0 G05-37-3136248 1
348 0 G15-24-1956259 1
349 0 G08-64-1081584 1
350 0 G00-03-2718778 1
351 0 G11-64-0975509 1
352 0 G13-91-0995371 1
353 0 G19-58-4189599 1
354 0 G40-50-3721322 1
355 0 G00-08-3906771 1
356 0 G05-37-2603779 1
357 0 G01-10-3332343 1
358 0 G29-33-0004295 1
359 0 G16-24-3915166 1
360 0 G16-61-3413991 1
361 0 G00-02-0916641 1
362 0 G35-68-0215617 1
363 0 G00-09-2599166 1
364 0 G00-08-2633973 1
365 0 G00-06-4174747 1
366 0 G02-68-0031165 1
367 0 G01-02-1614798 1
368 0 G23-50-2967116 1
369 0 G11-95-2809003 1
370 0 G00-35-3458525 1
371 0 G01-78-1330378 1
372 0 G00-02-3781964 1
372 0 G08-82-2708305 1
373 0 G02-90-0591483 1
374 0 G02-85-1853899 1
375 0 G03-09-1649242 1
376 0 G11-57-0593935 1
377 0 G00-02-1116823 1
378 0 G16-64-3646443 1
379 0 G17-59-1856491 1
380 0 G01-28-2830345 1
381 0 G01-40-3437607 1
382 0 G07-85-2291876 1
383 0 G02-06-1301838 1
384 0 G00-06-3129580 1
384 0 G01-03-0674427 1
385 0 G00-09-2272592 1
386 0 G17-72-0542209 1
387 0 G00-09-3043661 1
388 0 G00-09-1462589 1
388 0 G01-47-1989438 1
388 0 G01-80-2746858 1
389 0 G00-03-0589290 1
390 0 G00-09-3925899 1
390 0 G01-07-0764790 1
390 0 G11-42-3847202 1
391 0 G09-55-2390883 1
392 0 G00-06-0855399 1
392 0 G00-10-3616152 1
392 0 G01-37-1203429 1
393 0 G00-12-0564945 1
394 0 G00-00-1454617 1
395 0 G00-10-2802807 1
395 0 G00-60-2400556 1
396 0 G45-91-2875065 1
397 0 G37-17-1511610 1
398 0 G01-70-3902920 1
399 0 G02-53-1676519 1
400 0 G35-64-0369914 1
401 0 G00-97-2447415 1
402 0 G01-53-0813822 1
403 0 G01-55-0174232 1
404 0 G05-98-0174036 1
405 0 G32-24-4041351 1
406 0 G02-63-2730075 1
407 0 G00-02-3293233 1
408 0 G44-70-2334823 1
409 0 G45-48-3898677 1
410 0 G05-15-1583856 1
411 0 G07-50-0824373 1
412 0 G00-06-2996037 1
413 0 G45-78-2178525 1
414 0 G42-77-2264701 1
415 0 G09-86-3773197 1
415 0 G32-36-0913296 1
416 0 G00-35-0873391 1
417 0 G09-29-1008150 1
418 0 G07-45-1380391 1
419 0 G05-44-0446194 1
420 0 G00-07-0284544 1
421 0 G00-02-0470249 1
422 0 G00-00-3407033 1
423 0 G00-70-0221536 1
424 0 G11-56-1783491 1
425 0 G00-26-2555403 1
426 0 G16-81-1623705 1
427 0 G00-28-2424136 1
428 0 G00-69-2473241 1
429 0 G05-73-3962409 1
430 0 G26-28-0000000 1
431 0 G28-63-3459903 1
432 0 G01-88-3783762 1
433 0 G02-51-3604112 1
434 0 G00-02-0832578 1
434 0 G22-50-0922418 1
435 0 G01-02-2000489 1
436 0 G00-01-0682299 1
437 0 G01-50-1784600 1
438 0 G22-77-4095532 1
439 0 G08-11-2037435 1
440 0 G13-82-3853901 1
441 0 G25-53-2260153 1
442 0 G08-46-1276917 1
442 0 G34-90-2633654 1
443 0 G00-08-1565983 1
444 0 G00-01-1434889 1
445 0 G00-72-4180373 1
446 0 G01-81-3610560 1
447 0 G00-07-0894074 1
448 0 G00-05-3260312 1
449 0 G32-07-2884080 1
450 0 G44-36-3557956 1
