901 0 GX123-98-3885901 1
902 0 GX104-02-2561466 1
902 1 GX018-73-5535473 1
902 1 GX028-45-15770216 1
902 1 GX039-45-13451814 1
902 1 GX043-71-16111439 1
902 1 GX053-87-1376605 1
902 1 GX076-97-16213837 0
902 1 GX078-74-7325824 1
902 1 GX078-80-12349004 1
902 1 GX080-59-2753144 1
902 1 GX081-59-3768921 1
902 1 GX081-85-14885470 1
902 1 GX083-35-2908393 1
902 1 GX083-90-11220851 1
902 1 GX084-15-11312620 1
902 1 GX085-29-7570393 1
902 1 GX085-84-16207101 1
902 1 GX085-87-6682742 0
902 1 GX086-24-0177830 1
902 1 GX086-39-8486103 0
902 1 GX089-86-10265999 1
902 1 GX089-98-5944156 1
902 1 GX090-31-9862671 1
902 1 GX095-05-0072400 1
902 1 GX098-38-9888519 1
902 1 GX098-74-15136335 1
902 1 GX099-39-10987858 1
902 1 GX099-54-16735636 1
902 1 GX100-42-2091515 1
902 1 GX101-15-9954482 1
902 1 GX101-64-9641851 1
902 1 GX102-05-9814351 1
902 1 GX103-05-2634575 1
902 1 GX103-42-14988626 1
902 1 GX104-44-3126553 1
902 1 GX104-80-13650102 1
902 1 GX105-00-3194632 1
902 1 GX106-44-14555532 1
902 1 GX106-67-7854557 1
902 1 GX107-13-5729942 1
902 1 GX107-26-11821876 1
902 1 GX107-91-12852977 1
902 1 GX109-30-6463450 1
902 1 GX110-45-1945748 1
902 1 GX110-99-4920285 1
902 1 GX111-42-9100350 1
902 1 GX111-93-1381472 1
902 1 GX112-84-9287877 1
902 1 GX114-83-13880820 1
902 1 GX114-95-4463980 1
902 1 GX115-03-10696196 1
902 1 GX116-93-2850348 1
902 1 GX119-42-3097729 1
902 1 GX120-57-1229306 1
902 1 GX120-71-16409918 1
902 1 GX122-88-11100231 1
902 1 GX124-80-0134531 1
902 1 GX126-81-11255828 1
902 1 GX127-42-7684227 1
902 1 GX128-06-12938372 1
902 1 GX129-48-11808687 1
902 1 GX132-04-9637321 0
902 1 GX132-84-13930686 1
902 1 GX133-32-2750333 1
902 1 GX134-05-5231605 1
902 1 GX134-16-12721038 1
902 1 GX134-56-13697554 1
902 1 GX136-57-9534169 1
902 1 GX137-22-2450618 1
902 1 GX137-49-14106602 1
902 1 GX137-50-11070231 1
902 1 GX137-80-3456051 1
902 1 GX138-88-6103416 1
902 1 GX139-09-4500003 1
902 1 GX140-37-14238428 0
902 1 GX141-25-13915898 1
902 1 GX141-48-10177552 1
902 1 GX142-50-16624798 1
902 1 GX143-49-6349302 1
902 1 GX147-32-13623434 1
902 1 GX147-45-3078774 1
902 1 GX148-56-11278884 1
902 1 GX150-85-9503180 1
902 1 GX151-07-10090296 1
902 1 GX151-11-15631276 1
902 1 GX151-49-3372773 1
902 1 GX152-36-13422403 1
902 1 GX152-98-14490013 1
902 1 GX154-41-2675797 1
902 1 GX156-41-5051987 1
902 1 GX158-51-1320672 1
902 1 GX159-76-0764067 1
902 1 GX159-99-8930335 1
902 1 GX160-99-3224781 1
902 1 GX162-24-2092859 1
902 1 GX162-24-4439328 1
902 1 GX165-53-7713864 1
902 1 GX166-65-12759783 1
902 1 GX166-69-15318554 1
902 1 GX166-74-10919416 1
902 1 GX167-27-1637617 1
902 1 GX167-59-1783762 1
902 1 GX167-61-0010074 1
902 1 GX167-77-1092822 1
902 1 GX168-00-1063064 1
902 1 GX169-15-12089952 1
902 1 GX169-39-1091533 0
902 1 GX169-63-12913022 1
902 1 GX170-09-10249503 1
902 1 GX170-28-2720471 1
902 1 GX170-29-6254978 1
902 1 GX170-54-4523211 1
902 1 GX170-80-14561928 0
902 1 GX171-21-2771806 1
902 1 GX171-45-16095685 1
902 1 GX171-71-2382402 1
902 1 GX172-59-14823306 1
902 1 GX173-29-15823419 1
902 1 GX173-98-12325306 1
902 1 GX176-66-14294078 1
902 1 GX176-70-9216510 1
902 1 GX179-07-15205472 1
902 1 GX179-07-2295288 1
902 1 GX179-80-8541904 1
902 1 GX180-43-12525125 1
902 1 GX180-62-4309067 1
902 1 GX181-45-11638613 1
902 1 GX181-85-16568817 1
902 1 GX183-45-3525375 1
902 1 GX184-43-13661858 0
902 1 GX185-08-12981117 1
902 1 GX185-70-8164515 1
902 1 GX186-29-11094826 1
902 1 GX186-39-0455015 1
902 1 GX188-26-9311382 1
902 1 GX188-40-6608821 1
902 1 GX188-56-1370445 1
902 1 GX188-97-3831257 1
902 1 GX189-23-13659746 1
902 1 GX189-59-11976787 1
902 1 GX189-65-7141256 1
902 1 GX191-17-16372927 1
902 1 GX191-38-5582762 1
902 1 GX191-38-8827400 1
902 1 GX191-94-13929794 1
902 1 GX192-10-11342308 1
902 1 GX192-30-14861048 1
902 1 GX192-46-10833770 1
902 1 GX193-70-3271965 1
902 1 GX195-50-16009324 1
902 1 GX195-91-2120708 1
902 1 GX196-73-3675661 1
902 1 GX197-69-10722865 1
902 1 GX199-26-2396247 1
902 1 GX200-15-16640402 1
902 1 GX201-05-10703217 1
902 1 GX201-64-5296099 1
902 1 GX201-85-1857943 1
902 1 GX202-12-6392510 1
902 1 GX203-02-6992475 1
902 1 GX203-19-13753040 1
902 1 GX203-30-13425600 1
902 1 GX203-66-9535416 1
902 1 GX204-49-6085853 0
902 1 GX204-58-6691686 1
902 1 GX204-69-15601800 1
902 1 GX205-76-0167679 1
902 1 GX206-51-12623458 1
902 1 GX207-04-0153556 1
902 1 GX208-58-6080086 1
902 1 GX209-28-2679841 1
902 1 GX209-96-2144954 1
902 1 GX210-33-15216471 1
902 1 GX210-61-5716894 1
902 1 GX211-76-7655728 1
902 1 GX211-86-0620284 1
902 1 GX212-72-16258612 1
902 1 GX213-06-12286251 1
902 1 GX213-70-10778437 1
902 1 GX214-30-9823943 1
902 1 GX214-67-3075856 1
902 1 GX215-54-8375178 1
902 1 GX215-85-13341771 1
902 1 GX216-10-3953792 1
902 1 GX216-57-0350726 1
902 1 GX216-96-9247395 1
902 1 GX217-38-4607375 1
902 1 GX217-59-10059942 1
902 1 GX218-04-13931747 1
902 1 GX218-72-5873592 1
902 1 GX218-90-1175869 1
902 1 GX218-98-2349938 0
902 1 GX219-43-7080414 1
902 1 GX219-86-10641518 1
902 1 GX220-19-4016563 1
902 1 GX220-43-14104303 1
902 1 GX220-46-12865368 1
902 1 GX220-49-5846223 1
902 1 GX220-51-4826591 1
902 1 GX221-62-5275745 1
902 1 GX221-69-4679372 1
902 1 GX221-93-3515392 0
902 1 GX223-18-9863122 0
902 1 GX223-24-2201997 1
902 1 GX224-04-16191553 1
902 1 GX224-58-0182726 1
902 1 GX224-74-12003012 1
902 1 GX225-32-16256966 1
902 1 GX225-53-0688197 0
902 1 GX226-08-11489163 1
903 0 GX070-05-15787567 1
903 1 GX070-06-14314402 0
904 0 GX063-33-12371818 1
904 1 GX041-60-13029528 1
905 0 GX105-32-15612311 1
905 1 GX011-99-10597563 1
905 1 GX106-30-0011576 1
906 0 GX044-47-7140293 1
907 0 GX034-74-1303523 1
907 1 GX048-02-9205606 1
907 1 GX071-82-5481393 1
907 1 GX082-88-6298145 1
907 1 GX103-42-1920625 1
907 1 GX134-99-14902672 1
908 0 GX165-70-14440419 1
909 0 GX049-90-15169369 1
909 1 GX011-98-6063392 0
909 1 GX012-17-1389833 0
909 1 GX012-60-12174873 0
909 1 GX020-76-14000920 0
909 1 GX020-77-9512842 0
909 1 GX020-78-6455674 0
909 1 GX020-84-5006672 0
909 1 GX020-85-16549725 0
909 1 GX020-87-10020430 0
909 1 GX020-87-1767253 0
909 1 GX020-87-3071176 0
909 1 GX020-88-12660972 0
909 1 GX020-88-3314039 0
909 1 GX020-89-14562374 0
909 1 GX020-89-7722501 0
909 1 GX020-94-1648916 0
909 1 GX020-95-9345144 0
909 1 GX020-96-6475130 0
909 1 GX020-98-0000000 0
909 1 GX020-99-3986723 0
909 1 GX020-99-5322402 0
909 1 GX020-99-6559256 0
909 1 GX021-00-14447992 0
909 1 GX021-01-13325151 0
909 1 GX021-02-8815159 0
909 1 GX021-03-11543978 0
909 1 GX021-03-7466138 0
909 1 GX021-05-12539334 0
909 1 GX021-05-14980692 0
909 1 GX021-06-13258503 0
909 1 GX021-10-4552015 0
909 1 GX021-11-9995076 0
909 1 GX021-13-15096295 0
909 1 GX021-13-9757822 0
909 1 GX021-15-12352318 0
909 1 GX021-16-4988637 0
909 1 GX021-18-0978691 0
909 1 GX021-19-1553804 0
909 1 GX021-20-2700918 0
909 1 GX021-22-0427178 0
909 1 GX021-29-0945774 0
909 1 GX021-30-15267499 0
909 1 GX021-34-12528245 0
909 1 GX021-34-6234208 0
909 1 GX034-81-7675684 0
909 1 GX035-06-4979957 0
909 1 GX035-12-1772291 0
909 1 GX035-51-7284835 0
909 1 GX035-59-5916397 0
909 1 GX035-60-0616114 0
909 1 GX035-60-8818572 0
909 1 GX035-67-10165835 0
909 1 GX035-72-4719558 0
909 1 GX035-79-5927159 0
909 1 GX035-95-9046391 0
909 1 GX036-05-3603242 0
909 1 GX036-15-6165152 0
909 1 GX036-22-14178262 0
909 1 GX036-46-3597334 0
909 1 GX036-49-5153727 0
909 1 GX036-55-2848162 0
909 1 GX036-70-14596621 0
909 1 GX036-72-9100296 0
909 1 GX036-89-1389881 0
909 1 GX036-90-6453254 0
909 1 GX037-05-5053875 0
909 1 GX037-09-12821213 0
909 1 GX037-12-1062574 0
909 1 GX037-20-7606357 0
909 1 GX037-26-15438765 0
909 1 GX037-30-12218718 0
909 1 GX037-41-10075339 0
909 1 GX037-43-8342852 0
909 1 GX037-48-3718597 0
909 1 GX037-56-10221972 0
909 1 GX037-61-14720229 0
909 1 GX037-70-10369498 0
909 1 GX037-79-7511758 0
909 1 GX037-80-5419987 0
909 1 GX037-87-2843005 0
909 1 GX037-93-16647746 0
909 1 GX037-94-6717588 0
909 1 GX038-24-1894115 0
909 1 GX038-26-1357389 0
909 1 GX038-39-4619454 0
909 1 GX038-57-14627131 0
909 1 GX038-58-16723498 0
909 1 GX038-59-4832745 0
909 1 GX038-93-4237813 0
909 1 GX039-04-8978436 0
909 1 GX039-16-10411560 0
909 1 GX039-20-6898473 0
909 1 GX039-23-12921279 0
909 1 GX039-37-12215393 0
909 1 GX039-47-2864348 0
909 1 GX039-62-1646456 0
909 1 GX039-74-9473656 0
909 1 GX039-81-14723849 0
909 1 GX039-83-1364332 0
909 1 GX039-95-15879867 0
909 1 GX039-98-8726917 0
909 1 GX040-03-12413209 0
909 1 GX040-16-0512236 0
909 1 GX040-33-1189917 0
909 1 GX040-34-8012611 0
909 1 GX040-43-3347337 0
909 1 GX040-48-6608046 0
909 1 GX040-52-1918031 0
909 1 GX040-58-10305523 0
909 1 GX040-62-1458197 0
909 1 GX040-68-3303496 0
909 1 GX040-79-7724431 0
909 1 GX040-99-2092103 0
909 1 GX041-03-0373472 0
909 1 GX041-06-0924639 0
909 1 GX041-09-5914381 0
909 1 GX041-16-15971282 0
909 1 GX041-22-14695391 0
909 1 GX041-45-8036722 0
909 1 GX041-49-13949520 0
909 1 GX041-49-14063996 0
909 1 GX041-67-5276486 0
909 1 GX041-69-3473965 0
909 1 GX041-78-6817192 0
909 1 GX041-87-10446283 0
909 1 GX041-91-0915494 0
909 1 GX041-95-13375534 0
909 1 GX042-09-10935733 0
909 1 GX042-23-6389171 0
909 1 GX042-24-2700085 0
909 1 GX042-28-5349910 0
909 1 GX042-35-9248735 0
909 1 GX042-54-3537215 0
909 1 GX042-79-15392662 0
909 1 GX043-01-4299650 0
909 1 GX043-13-15198069 0
909 1 GX043-14-1229019 0
909 1 GX043-66-1650674 0
909 1 GX043-75-10934956 0
909 1 GX043-76-8168331 0
909 1 GX043-77-13333266 0
909 1 GX044-07-12772337 0
909 1 GX044-15-14498511 0
909 1 GX044-24-14111634 0
909 1 GX044-50-5843597 0
909 1 GX044-64-9456762 0
909 1 GX044-74-8253138 0
909 1 GX044-76-14667237 0
909 1 GX045-02-6969242 0
909 1 GX045-18-0910122 0
909 1 GX045-19-1591129 0
909 1 GX045-23-2836627 0
909 1 GX045-40-8699535 0
909 1 GX045-81-2470694 0
909 1 GX045-93-1186409 0
909 1 GX046-47-10276354 0
909 1 GX046-59-3813990 0
909 1 GX046-67-7820929 0
909 1 GX046-79-11733270 0
909 1 GX046-79-4962203 0
909 1 GX046-86-2271429 0
909 1 GX046-97-9956709 0
909 1 GX047-09-0526342 0
909 1 GX047-26-0610221 0
909 1 GX047-62-9371879 0
909 1 GX047-64-15307241 0
909 1 GX047-64-3441501 0
909 1 GX047-84-4374807 0
909 1 GX048-03-12111375 0
909 1 GX048-14-12855061 0
909 1 GX048-17-15686666 0
909 1 GX048-17-4638175 0
909 1 GX048-37-5519476 0
909 1 GX048-43-2090465 0
909 1 GX048-44-11291836 0
909 1 GX048-64-2401177 0
909 1 GX048-71-0442678 0
909 1 GX048-76-3230782 0
909 1 GX048-86-5646677 0
909 1 GX049-05-2555141 0
909 1 GX049-06-9241327 0
909 1 GX049-11-13243798 0
909 1 GX049-30-13141349 0
909 1 GX049-34-14652674 0
909 1 GX049-35-16378668 0
909 1 GX049-55-15649444 0
909 1 GX049-59-11232287 0
909 1 GX049-83-5552507 0
909 1 GX049-99-5065603 0
909 1 GX050-15-6665045 0
909 1 GX050-17-14161188 0
909 1 GX050-39-6474028 0
909 1 GX050-86-4689541 0
909 1 GX050-98-10971972 0
909 1 GX051-00-0337101 0
909 1 GX051-03-7240507 0
909 1 GX051-10-0422668 0
910 0 GX233-66-5741011 1
910 1 GX233-29-9895350 0
910 1 GX234-08-4021050 0
910 1 GX234-51-14002187 0
910 1 GX236-79-14758931 0
911 0 GX240-19-1722015 1
911 1 GX233-15-8405283 0
911 1 GX233-29-4369333 0
911 1 GX233-66-3113387 0
911 1 GX235-67-7541502 0
911 1 GX235-91-2738887 0
911 1 GX236-81-7086463 0
911 1 GX236-95-10747932 0
911 1 GX239-68-0564403 0
911 1 GX239-76-5663449 0
911 1 GX239-78-11388928 0
911 1 GX239-79-8128888 0
911 1 GX239-80-11980336 0
911 1 GX239-84-0969334 0
911 1 GX239-84-16237998 0
911 1 GX240-13-4987566 0
911 1 GX240-16-10429941 0
911 1 GX240-17-4175882 0
911 1 GX240-35-5254576 0
911 1 GX240-39-12892065 0
911 1 GX242-51-0478651 0
911 1 GX243-77-7920387 0
911 1 GX244-06-11659392 0
911 1 GX244-06-6572272 0
911 1 GX244-06-7284577 0
911 1 GX244-16-12203263 0
911 1 GX244-16-6077502 0
911 1 GX244-18-4827354 0
912 0 GX241-21-3085478 1
913 0 GX008-88-5036182 1
913 1 GX003-65-8781205 1
913 1 GX049-82-10867664 1
914 0 GX252-05-3235554 1
915 0 GX004-28-0843354 1
915 1 GX035-88-4700612 0
916 0 GX246-77-13453581 1
917 0 GX230-41-1256172 1
917 1 GX272-39-9229965 1
918 0 GX003-97-0394147 1
919 0 GX234-94-16004242 1
920 0 GX009-27-9571709 1
921 0 GX236-10-10784852 1
922 0 GX227-01-8720333 1
923 0 GX009-34-15352647 1
924 0 GX160-19-4840779 1
924 1 GX167-93-6901949 0
925 0 GX003-57-8572620 1
925 1 GX000-27-9968759 0
925 1 GX001-29-11169245 0
925 1 GX002-66-4762322 0
925 1 GX002-67-15477623 0
925 1 GX002-68-1209038 0
925 1 GX002-70-7037780 0
925 1 GX002-72-5212220 0
925 1 GX002-72-9256048 0
925 1 GX002-73-12172896 0
925 1 GX002-73-15168808 0
925 1 GX002-73-9292335 0
925 1 GX002-75-10213070 0
925 1 GX002-76-12455486 0
925 1 GX002-78-10873538 0
925 1 GX002-81-12625969 0
925 1 GX002-83-8018504 0
925 1 GX002-84-3811784 0
925 1 GX002-85-2404206 0
925 1 GX002-87-7958373 0
925 1 GX002-88-8576547 0
925 1 GX002-89-15708686 0
925 1 GX002-91-6496534 0
925 1 GX002-93-10378792 0
925 1 GX002-95-10978788 0
925 1 GX002-95-14947569 0
925 1 GX002-99-11787064 0
925 1 GX003-02-12367896 0
925 1 GX003-04-0696274 0
925 1 GX003-06-13747096 0
925 1 GX003-07-7773950 0
925 1 GX003-08-6556256 0
925 1 GX003-12-1619373 0
925 1 GX003-14-1341977 0
925 1 GX003-19-14313942 0
925 1 GX003-19-5129503 0
925 1 GX003-20-16240944 0
925 1 GX003-21-4055354 0
925 1 GX003-21-5530476 0
925 1 GX003-22-14470559 0
925 1 GX003-22-5506711 0
925 1 GX003-27-10328139 0
925 1 GX003-28-5254258 0
925 1 GX003-28-8973027 0
925 1 GX003-31-13290024 0
925 1 GX003-33-13258936 0
925 1 GX003-34-5335204 0
925 1 GX003-36-13647344 0
925 1 GX003-37-0746146 0
925 1 GX003-41-4211001 0
925 1 GX003-41-8350359 0
925 1 GX003-43-8348621 0
925 1 GX003-46-13953056 0
925 1 GX003-49-2412944 0
925 1 GX003-50-12976918 0
925 1 GX003-51-8197975 0
925 1 GX003-52-13899347 0
925 1 GX003-52-9842982 0
925 1 GX003-54-10947775 0
925 1 GX003-55-16165670 0
925 1 GX003-55-5609539 0
925 1 GX003-57-11915311 0
925 1 GX003-57-13584761 0
925 1 GX003-58-14280133 0
925 1 GX003-58-6489391 0
925 1 GX003-62-12526032 0
925 1 GX003-62-4876619 0
925 1 GX003-64-4578091 0
925 1 GX003-68-13204418 0
925 1 GX003-69-10651239 0
925 1 GX003-70-5055481 0
925 1 GX003-73-12838944 0
925 1 GX003-74-1270125 0
925 1 GX003-74-6020482 0
925 1 GX003-74-8129835 0
925 1 GX003-79-11997142 0
925 1 GX003-79-14162132 0
925 1 GX003-87-12036370 0
925 1 GX003-89-12889129 0
925 1 GX003-94-13092412 0
925 1 GX003-95-13920083 0
925 1 GX003-96-16214498 0
925 1 GX003-97-6328291 0
925 1 GX003-98-1612617 0
925 1 GX003-99-13817017 0
925 1 GX003-99-4355486 0
925 1 GX004-00-13643423 0
925 1 GX004-02-11721384 0
925 1 GX004-03-3524104 0
925 1 GX004-04-15377234 0
925 1 GX004-05-6213232 0
925 1 GX004-06-13690904 0
925 1 GX004-06-15243814 0
925 1 GX004-07-11892922 0
925 1 GX004-08-1983403 0
925 1 GX004-10-15497103 0
925 1 GX004-13-13466969 0
925 1 GX004-16-11514977 0
925 1 GX004-16-8286068 0
925 1 GX004-21-11451354 0
925 1 GX004-25-3261881 0
925 1 GX004-30-2587340 0
925 1 GX004-31-12008662 0
925 1 GX004-31-6059932 0
925 1 GX004-34-5712193 0
925 1 GX004-35-11765743 0
925 1 GX004-36-12263218 0
925 1 GX004-37-13367234 0
925 1 GX004-37-2002687 0
925 1 GX004-37-2128822 0
925 1 GX004-38-13849927 0
925 1 GX004-38-5670633 0
925 1 GX004-40-11365010 0
925 1 GX004-40-3919026 0
925 1 GX004-40-6140347 0
925 1 GX004-41-13455720 0
925 1 GX004-41-4896770 0
925 1 GX004-42-4130045 0
925 1 GX004-43-11108941 0
925 1 GX004-46-1621296 0
925 1 GX004-48-2195647 0
925 1 GX004-48-9315071 0
925 1 GX004-49-6944115 0
925 1 GX004-51-8057659 0
925 1 GX004-54-1932966 0
925 1 GX004-58-11952611 0
925 1 GX004-58-7190096 0
925 1 GX004-59-13592901 0
925 1 GX004-59-9363824 0
925 1 GX004-61-14810793 0
925 1 GX004-63-9397552 0
925 1 GX004-66-6145344 0
925 1 GX004-72-0057397 0
925 1 GX004-74-6856862 0
925 1 GX004-74-8944211 0
925 1 GX004-77-15406493 0
925 1 GX004-77-2118376 0
925 1 GX004-79-7130486 0
925 1 GX004-79-8284108 0
925 1 GX004-79-8777442 0
925 1 GX004-79-9479043 0
925 1 GX004-81-1356802 0
925 1 GX004-81-7808806 0
925 1 GX004-84-13872994 0
925 1 GX004-88-6027792 0
925 1 GX004-88-6542645 0
925 1 GX004-89-4689699 0
925 1 GX004-91-10716155 0
925 1 GX004-91-16480371 0
925 1 GX004-91-3064987 0
925 1 GX004-91-9390608 0
925 1 GX004-94-2402292 0
925 1 GX004-96-5353955 0
925 1 GX004-97-13694976 0
925 1 GX004-98-9248858 0
925 1 GX004-99-9654897 0
925 1 GX004-99-9836706 0
925 1 GX005-00-15117967 0
925 1 GX005-02-8220708 0
925 1 GX005-02-8762691 0
925 1 GX005-04-7297464 0
925 1 GX005-05-11991072 0
925 1 GX005-05-15791867 0
925 1 GX005-06-2357993 0
925 1 GX005-07-13294147 0
925 1 GX005-07-8145029 0
925 1 GX005-09-12503676 0
925 1 GX005-09-16124715 0
925 1 GX005-10-1671262 0
925 1 GX005-10-3789771 0
925 1 GX005-13-12272388 0
925 1 GX005-14-10620195 0
925 1 GX005-15-9630620 0
925 1 GX005-17-1128010 0
925 1 GX005-26-6402057 0
925 1 GX005-27-2509445 0
925 1 GX016-62-3612281 0
925 1 GX016-77-9408446 0
925 1 GX017-73-6482871 0
925 1 GX017-86-8224327 0
925 1 GX017-87-15679331 0
925 1 GX017-89-6966728 0
925 1 GX017-91-3375498 0
925 1 GX017-94-2356182 0
925 1 GX018-02-6605772 0
925 1 GX018-11-6091486 0
925 1 GX018-13-16382181 0
925 1 GX018-15-13373467 0
925 1 GX018-89-4331308 0
925 1 GX020-80-15509799 0
925 1 GX020-90-8636662 0
925 1 GX021-40-15564571 0
925 1 GX022-03-4095275 0
925 1 GX022-13-15919195 0
925 1 GX022-16-8643789 0
925 1 GX022-32-8017199 0
925 1 GX022-34-0299527 0
925 1 GX022-34-1958559 0
925 1 GX022-38-7183658 0
925 1 GX022-45-15340968 0
925 1 GX034-88-14141802 0
925 1 GX035-04-0940256 0
925 1 GX035-21-15335235 0
925 1 GX035-55-2692860 0
925 1 GX036-03-2783190 0
925 1 GX036-35-4824470 0
925 1 GX036-80-0702245 0
925 1 GX037-25-1641044 0
925 1 GX037-36-12849586 0
925 1 GX037-63-4753781 0
925 1 GX038-24-2605950 0
925 1 GX038-40-3293683 0
925 1 GX038-73-15143516 0
925 1 GX039-26-2601178 0
925 1 GX039-63-11090683 0
925 1 GX039-67-4090930 0
925 1 GX040-26-2679222 0
925 1 GX040-45-6783680 0
925 1 GX041-27-1778214 0
925 1 GX041-78-9637076 0
925 1 GX043-34-10807244 0
925 1 GX043-49-3269274 0
925 1 GX044-32-8939038 0
925 1 GX045-09-9954328 0
925 1 GX045-24-16262657 0
925 1 GX045-50-12549607 0
925 1 GX046-21-10870376 0
925 1 GX046-36-6833563 0
925 1 GX046-39-3740011 0
925 1 GX046-62-2892152 0
925 1 GX046-82-13214965 0
925 1 GX047-37-2598624 0
925 1 GX047-44-13123099 0
925 1 GX048-47-10826677 0
925 1 GX049-53-7254952 0
925 1 GX049-83-14227344 0
925 1 GX049-94-5722378 0
925 1 GX050-10-16505941 0
925 1 GX050-32-3879358 0
925 1 GX050-81-13969844 0
925 1 GX051-33-16436499 0
925 1 GX093-54-10515079 0
925 1 GX108-25-11586180 0
925 1 GX108-27-11178068 0
925 1 GX108-31-12309101 0
925 1 GX120-45-13350101 0
925 1 GX132-74-14961665 0
925 1 GX132-78-7231251 0
925 1 GX132-80-5324561 0
925 1 GX132-81-11193742 0
925 1 GX132-85-0000000 0
926 0 GX006-62-7134740 1
927 0 GX006-93-1501175 1
927 1 GX017-50-15335370 0
928 0 GX269-67-0395697 1
929 0 GX017-92-15506957 1
929 1 GX024-27-0292470 1
930 0 GX059-96-3697011 1
931 0 GX089-37-5718184 1
932 0 GX250-89-7726324 1
933 0 GX121-50-1930501 1
934 0 GX051-17-10218555 1
934 1 GX038-44-12154880 1
935 0 GX004-68-9110867 1
935 1 GX011-27-10494645 0
935 1 GX012-03-8038034 0
935 1 GX012-04-16693136 0
935 1 GX012-07-7316652 0
935 1 GX012-20-4180833 0
935 1 GX012-25-13087874 0
935 1 GX012-32-4502113 0
935 1 GX012-49-5887434 0
935 1 GX012-50-11261861 0
935 1 GX012-53-6234677 0
935 1 GX012-54-14587283 0
935 1 GX012-54-5129701 0
935 1 GX012-60-3693240 0
935 1 GX012-64-1508690 0
935 1 GX012-85-11026460 0
936 0 GX061-59-15597147 1
936 1 GX053-57-16466703 0
936 1 GX079-54-4871737 0
936 1 GX171-29-11416328 0
936 1 GX188-46-16358148 0
937 0 GX029-42-0096325 1
938 0 GX002-12-7280417 1
938 1 GX000-33-3048661 0
938 1 GX016-56-15139138 0
938 1 GX047-82-4292813 0
939 0 GX007-56-15642886 1
939 1 GX007-89-0361522 1
940 0 GX235-12-9577067 1
940 1 GX239-13-14087312 0
941 0 GX068-47-15007432 1
942 0 GX001-50-9812220 1
942 1 GX015-06-15863154 1
943 0 GX000-35-14358979 1
943 1 GX001-48-1006498 0
944 0 GX239-11-16090414 1
944 1 GX235-27-1715696 0
944 1 GX239-11-2566525 0
944 1 GX239-11-9833514 0
944 1 GX239-13-4038969 0
944 1 GX239-17-14429701 0
944 1 GX239-26-8476967 0
944 1 GX239-28-11497208 0
944 1 GX239-30-16762751 0
944 1 GX239-32-16428501 0
944 1 GX239-32-2518400 0
945 0 GX043-90-2273682 1
946 0 GX000-00-15661869 1
946 1 GX000-09-9108917 0
946 1 GX000-12-3272228 0
946 1 GX000-29-13376607 0
946 1 GX000-33-14370318 0
946 1 GX000-48-0297600 0
946 1 GX000-73-2081381 0
946 1 GX000-73-6105278 0
946 1 GX000-87-1431383 0
946 1 GX000-87-16679673 0
946 1 GX000-94-12038720 0
946 1 GX001-00-13492089 0
946 1 GX001-04-10918976 0
946 1 GX001-10-1622106 0
946 1 GX001-20-14772593 0
946 1 GX001-43-6145307 0
946 1 GX001-46-10270396 0
946 1 GX001-59-8571149 0
946 1 GX002-11-5404679 0
946 1 GX002-17-12891585 0
946 1 GX002-22-0994932 0
946 1 GX002-22-3891829 0
946 1 GX002-72-7905906 0
946 1 GX002-78-9728152 0
946 1 GX002-92-13140337 0
946 1 GX002-95-13566246 0
946 1 GX003-01-8344575 0
946 1 GX003-02-4889060 0
946 1 GX003-18-14350749 0
946 1 GX003-48-0769918 0
946 1 GX003-48-6805237 0
946 1 GX003-49-2824890 0
946 1 GX003-50-6310356 0
946 1 GX003-50-9278483 0
946 1 GX003-61-16073725 0
946 1 GX003-72-13484381 0
946 1 GX003-74-10927095 0
946 1 GX003-74-15136482 0
946 1 GX003-80-2437130 0
946 1 GX003-83-14119938 0
946 1 GX004-12-10445514 0
946 1 GX004-14-1400543 0
946 1 GX004-20-9187298 0
946 1 GX004-22-1800456 0
946 1 GX004-31-8756525 0
946 1 GX004-37-6703903 0
946 1 GX004-43-11967285 0
946 1 GX004-49-6771284 0
946 1 GX004-51-13089107 0
946 1 GX004-58-9869009 0
946 1 GX004-62-12916880 0
946 1 GX004-67-9312507 0
946 1 GX004-78-3664696 0
946 1 GX004-79-13575364 0
946 1 GX004-83-7774345 0
946 1 GX004-93-5646423 0
946 1 GX005-04-13857116 0
946 1 GX005-10-11080415 0
946 1 GX005-12-10292184 0
946 1 GX005-16-15315998 0
946 1 GX005-30-14412842 0
946 1 GX005-61-5851843 0
946 1 GX005-65-1046610 0
946 1 GX006-00-5448750 0
946 1 GX006-20-7465173 0
946 1 GX006-65-0964266 0
946 1 GX006-75-5573021 0
946 1 GX006-84-7986247 0
946 1 GX007-33-16712932 0
946 1 GX007-35-16130856 0
946 1 GX007-81-2834338 0
946 1 GX008-79-14742450 0
946 1 GX009-80-0012517 0
946 1 GX009-91-8446221 0
946 1 GX010-34-0472635 0
946 1 GX010-37-12464463 0
946 1 GX010-44-8641013 0
946 1 GX010-49-10463115 0
946 1 GX010-62-8354542 0
946 1 GX010-67-12112696 0
946 1 GX010-75-0142958 0
946 1 GX010-90-5468005 0
946 1 GX011-01-4717686 0
946 1 GX011-04-5961763 0
946 1 GX011-06-6910935 0
946 1 GX011-11-11877553 0
946 1 GX011-20-2101659 0
946 1 GX011-70-5488334 0
946 1 GX011-75-8282733 0
946 1 GX011-79-1868264 0
946 1 GX011-91-14127334 0
946 1 GX012-83-3067236 0
946 1 GX013-13-5411450 0
946 1 GX013-28-12601742 0
946 1 GX015-98-14489830 0
946 1 GX016-03-1322364 0
946 1 GX016-10-6005467 0
946 1 GX016-18-0217693 0
946 1 GX016-40-13814908 0
946 1 GX016-46-2877420 0
946 1 GX016-50-14459700 0
946 1 GX016-52-3538608 0
946 1 GX016-53-5847515 0
946 1 GX016-54-0428432 0
946 1 GX016-62-7062902 0
946 1 GX016-70-9027936 0
946 1 GX016-73-6069642 0
946 1 GX016-76-16610889 0
946 1 GX016-88-7904955 0
946 1 GX016-89-15705018 0
946 1 GX016-92-7393803 0
946 1 GX017-00-6996862 0
946 1 GX017-02-2394599 0
946 1 GX017-03-7519144 0
946 1 GX017-11-11052061 0
946 1 GX017-23-4946061 0
946 1 GX017-28-6887028 0
946 1 GX017-34-8248633 0
946 1 GX017-35-14866177 0
946 1 GX017-39-1172014 0
946 1 GX017-52-15969638 0
946 1 GX017-61-8422798 0
946 1 GX017-66-13360158 0
946 1 GX017-70-12980055 0
946 1 GX017-80-11436665 0
946 1 GX017-91-0878031 0
946 1 GX017-99-4761433 0
946 1 GX018-03-5051591 0
946 1 GX018-09-0471322 0
946 1 GX018-16-3734390 0
946 1 GX021-40-8853147 0
946 1 GX021-45-5889534 0
946 1 GX021-59-10491264 0
946 1 GX021-66-5258162 0
946 1 GX021-84-15086295 0
946 1 GX021-88-0076394 0
946 1 GX021-89-12951889 0
946 1 GX028-11-12424270 0
946 1 GX031-65-1622075 0
947 0 GX004-85-14464800 1
947 1 GX003-11-16204103 0
947 1 GX003-21-14950930 0
947 1 GX003-98-12714291 0
948 0 GX230-28-12740334 1
949 0 GX043-83-10756729 1
949 1 GX001-59-12705080 1
950 0 GX000-30-5156369 1
950 1 GX000-51-10730826 0
950 1 GX003-62-6175104 0
950 1 GX006-15-4173486 0
950 1 GX013-42-13245508 0
951 0 GX000-64-11056056 1
951 1 GX004-28-10494962 0
951 1 GX010-25-1502000 0
951 1 GX011-25-16342873 0
951 1 GX011-31-13761397 0
951 1 GX011-39-7694021 0
951 1 GX011-40-16313536 0
951 1 GX011-60-0810062 0
951 1 GX011-79-15150755 0
951 1 GX018-97-10871593 0
951 1 GX027-27-6109959 0
951 1 GX027-27-8371281 0
952 0 GX039-08-14627764 1
952 1 GX008-19-2600564 0
953 0 GX013-16-11886153 1
953 1 GX245-45-9177880 1
954 0 GX227-02-0353565 1
955 0 GX241-25-1956632 1
956 0 GX229-13-3925768 1
956 1 GX229-18-10827864 1
957 0 GX000-11-15682777 1
958 0 GX246-54-9789960 1
959 0 GX005-92-14243793 1
959 1 GX001-31-15685887 1
959 1 GX001-88-2549167 1
959 1 GX002-39-8367831 1
959 1 GX002-56-3807549 1
959 1 GX005-74-11799493 1
959 1 GX009-00-4810812 1
959 1 GX015-60-13188027 1
959 1 GX015-82-0000000 1
959 1 GX061-40-11524326 0
959 1 GX226-70-13214614 1
959 1 GX226-74-10555062 1
960 0 GX000-10-12404952 1
960 1 GX058-22-14444378 0
960 1 GX079-80-1452806 0
960 1 GX121-63-8262798 0
960 1 GX133-65-0845848 0
961 0 GX000-25-15421754 1
961 1 GX001-58-7569559 0
961 1 GX008-71-5559882 0
962 0 GX002-29-9369448 1
962 1 GX002-34-11165288 1
962 1 GX002-35-4940967 1
962 1 GX028-17-11376666 1
963 0 GX000-00-5923815 1
964 0 GX000-00-6435664 1
965 0 GX241-76-14830946 1
965 1 GX245-86-0953767 0
966 0 GX001-97-0742162 1
967 0 GX009-13-8856451 1
967 1 GX017-81-7278166 1
968 0 GX001-62-6768836 1
968 1 GX000-00-4659822 1
969 0 GX261-44-15609884 1
969 1 GX010-17-0506936 1
970 0 GX043-19-12891713 1
971 0 GX016-85-6084075 1
972 0 GX061-07-7294805 1
973 0 GX001-67-9998562 1
974 0 GX008-59-7072875 1
975 0 GX020-56-14076194 1
976 0 GX013-63-13457752 1
977 0 GX012-25-6965115 1
978 0 GX002-38-14846891 1
979 0 GX039-71-2252832 1
980 0 GX077-84-4313263 1
981 0 GX028-32-2952390 1
981 1 GX000-04-10631141 1
981 1 GX003-27-12942736 0
982 0 GX063-80-12500940 1
982 1 GX054-10-4091298 1
982 1 GX057-39-4349097 1
982 1 GX057-99-6146613 1
982 1 GX061-55-9562223 1
982 1 GX062-04-10843817 1
982 1 GX064-58-5476135 1
982 1 GX073-61-2870808 1
982 1 GX078-79-6489360 1
982 1 GX088-36-13168153 1
982 1 GX116-09-10837689 1
983 0 GX107-36-8301926 1
983 1 GX010-07-4938621 1
983 1 GX010-71-10027912 1
983 1 GX016-45-6792556 1
983 1 GX016-59-1234208 1
983 1 GX017-35-11992851 1
983 1 GX017-88-3625137 1
983 1 GX017-88-7849286 1
983 1 GX018-07-9448049 1
983 1 GX018-51-3980959 1
983 1 GX022-86-7651146 1
983 1 GX024-86-8522248 1
983 1 GX025-13-13586315 1
983 1 GX025-19-8600332 1
983 1 GX025-24-3276059 1
983 1 GX025-25-15898592 1
983 1 GX025-25-9983699 1
983 1 GX025-29-14711495 1
983 1 GX025-37-15215790 1
983 1 GX025-38-1577504 1
983 1 GX025-38-6553654 1
983 1 GX025-44-3892886 1
983 1 GX025-61-14677360 1
983 1 GX028-56-2674615 1
983 1 GX028-58-4160589 1
983 1 GX028-60-5173191 1
983 1 GX028-64-4901937 1
983 1 GX028-69-6458330 1
983 1 GX030-15-14404566 1
983 1 GX030-16-6224807 1
983 1 GX031-93-12657543 1
983 1 GX031-94-10536001 1
983 1 GX031-94-3749501 1
983 1 GX031-98-2153535 1
983 1 GX034-85-1909811 1
983 1 GX035-24-11581727 1
983 1 GX037-14-1453590 1
983 1 GX039-81-7839257 1
983 1 GX039-85-10000864 1
983 1 GX040-33-7833581 1
983 1 GX040-67-2121020 1
983 1 GX041-46-15773957 1
983 1 GX042-02-4925502 1
983 1 GX042-51-1018601 1
983 1 GX043-82-14796251 1
983 1 GX044-07-4725434 1
983 1 GX044-08-1262850 1
983 1 GX044-27-12528529 1
983 1 GX047-71-7791295 1
983 1 GX050-41-5011077 1
983 1 GX050-63-15334012 1
983 1 GX051-77-10453514 1
983 1 GX053-45-8847262 1
983 1 GX056-12-2447850 1
983 1 GX056-17-5745231 1
983 1 GX056-69-6290644 1
983 1 GX056-71-15844042 1
983 1 GX057-22-13481090 1
983 1 GX057-30-4925015 1
983 1 GX057-45-2384838 1
983 1 GX059-24-8039503 1
983 1 GX061-00-9041366 1
983 1 GX062-01-15667245 1
983 1 GX062-18-0917716 1
983 1 GX063-40-2671488 1
983 1 GX063-59-11293516 1
983 1 GX067-19-8658578 1
983 1 GX067-31-14265730 1
983 1 GX067-31-4253729 1
983 1 GX067-64-3093639 1
983 1 GX067-76-2997117 1
983 1 GX068-18-14774011 1
983 1 GX068-22-12980976 1
983 1 GX068-23-1259677 1
983 1 GX068-37-4021140 1
983 1 GX068-40-15178030 1
983 1 GX068-41-7148911 1
983 1 GX068-43-1224925 1
983 1 GX068-43-16431915 1
983 1 GX068-45-4164397 1
983 1 GX068-48-6312104 1
983 1 GX068-49-11070422 1
983 1 GX068-50-10356072 1
983 1 GX068-50-9231806 1
983 1 GX068-51-13407816 1
983 1 GX068-51-16613744 1
983 1 GX068-52-12224057 1
983 1 GX068-52-8257545 1
983 1 GX068-53-4770813 1
983 1 GX068-55-0208649 1
983 1 GX070-69-7781010 1
983 1 GX074-24-1082485 1
983 1 GX079-50-7603028 1
983 1 GX080-27-13721784 1
983 1 GX080-72-13875778 1
983 1 GX081-64-4085741 1
983 1 GX082-45-4769839 1
983 1 GX083-00-5522667 1
983 1 GX083-04-3589375 1
983 1 GX083-96-5740222 1
983 1 GX084-42-1785064 1
983 1 GX085-35-7054064 1
983 1 GX085-71-13271140 1
983 1 GX086-04-2743068 1
983 1 GX086-36-14930729 1
983 1 GX087-48-1006295 1
983 1 GX087-69-3866080 1
983 1 GX089-17-7195184 1
983 1 GX090-04-7187629 1
983 1 GX090-81-2710940 1
983 1 GX091-98-14090701 1
983 1 GX092-86-12080316 1
983 1 GX092-95-3599697 1
983 1 GX093-77-7723940 1
983 1 GX094-47-7627185 1
983 1 GX094-57-15012992 1
983 1 GX095-91-13558465 1
983 1 GX095-92-9839482 1
983 1 GX096-51-11622147 1
983 1 GX096-93-12653360 1
983 1 GX097-13-12515902 1
983 1 GX097-46-7039455 1
983 1 GX097-54-5421276 1
983 1 GX098-15-16226061 1
983 1 GX098-38-4227171 1
983 1 GX098-53-11496255 1
983 1 GX098-68-15133219 1
983 1 GX099-41-7235395 1
983 1 GX100-14-4382398 1
983 1 GX100-28-0039659 1
983 1 GX101-84-13544832 1
983 1 GX101-92-16036411 1
983 1 GX102-54-11475199 1
983 1 GX103-12-11411570 1
983 1 GX103-29-3030162 1
983 1 GX103-57-16030570 1
983 1 GX104-13-7824054 1
983 1 GX104-40-5464772 1
983 1 GX104-88-8898467 1
983 1 GX104-93-15252406 1
983 1 GX105-13-8802611 1
983 1 GX105-79-7054223 1
983 1 GX105-80-12444439 1
983 1 GX106-05-14807875 1
983 1 GX106-53-9967637 1
983 1 GX107-33-11999201 1
983 1 GX108-39-15432967 1
983 1 GX108-55-8558541 1
983 1 GX108-59-0310513 1
983 1 GX108-74-10950647 1
983 1 GX108-77-13701594 1
983 1 GX109-35-5267182 1
983 1 GX109-52-13683100 1
983 1 GX109-99-16695214 1
983 1 GX110-20-2485963 1
983 1 GX110-62-7293138 1
983 1 GX110-82-9864273 1
983 1 GX111-00-9443886 1
983 1 GX111-16-4976185 1
983 1 GX111-25-10735993 1
983 1 GX112-13-3114886 1
983 1 GX112-41-14986211 1
983 1 GX112-83-1548012 1
983 1 GX113-29-5796041 1
983 1 GX113-40-12406733 1
983 1 GX113-44-15587994 1
983 1 GX113-62-9380674 1
983 1 GX114-50-9724041 1
983 1 GX114-95-5893632 1
983 1 GX116-47-3366005 1
983 1 GX116-75-9714173 1
983 1 GX116-88-6665682 1
983 1 GX117-98-9365178 1
983 1 GX119-63-2730508 1
983 1 GX120-24-12286160 1
983 1 GX121-10-11766295 1
983 1 GX122-59-9006870 1
983 1 GX122-91-13787915 1
983 1 GX123-07-2036287 1
983 1 GX124-37-7536466 1
983 1 GX125-05-6053559 1
983 1 GX125-52-11831484 1
983 1 GX125-63-9472778 1
983 1 GX125-98-12689232 1
983 1 GX126-81-7194431 1
983 1 GX126-98-1876957 1
983 1 GX127-40-13378790 1
983 1 GX127-45-1637285 1
983 1 GX128-23-0540063 1
983 1 GX128-52-14513823 1
983 1 GX128-57-6423313 1
983 1 GX128-67-11623984 1
983 1 GX128-88-11590076 1
983 1 GX129-24-5058767 1
983 1 GX129-43-12625049 1
983 1 GX129-62-2076337 1
983 1 GX129-92-9336569 1
983 1 GX130-23-13203937 1
983 1 GX130-48-14261982 1
983 1 GX131-07-5425838 1
983 1 GX131-25-12780851 1
983 1 GX131-73-3445481 1
983 1 GX132-27-10440972 1
983 1 GX134-70-3167348 1
983 1 GX134-81-0557593 1
983 1 GX134-81-10151894 1
983 1 GX134-82-16619409 1
983 1 GX134-82-3674695 1
983 1 GX134-84-6293895 1
983 1 GX134-86-11951597 1
983 1 GX134-87-13838093 1
983 1 GX134-87-2315758 1
983 1 GX134-88-11131848 1
983 1 GX134-92-4222958 1
983 1 GX134-93-12203319 1
983 1 GX134-93-16268593 1
983 1 GX134-93-4427814 1
983 1 GX134-94-7462616 1
983 1 GX142-28-13844414 1
983 1 GX142-31-10308164 1
983 1 GX142-32-9028161 1
983 1 GX151-11-4338134 1
983 1 GX154-76-2157680 1
983 1 GX161-21-12487552 1
983 1 GX196-12-10261867 1
983 1 GX196-38-10312430 1
983 1 GX196-87-6094700 1
983 1 GX197-13-1043890 1
983 1 GX197-20-15522028 1
983 1 GX197-43-5541547 1
983 1 GX199-81-6119049 1
983 1 GX200-27-10547042 1
983 1 GX200-35-14245457 1
983 1 GX200-71-9828990 1
983 1 GX200-87-14556442 1
983 1 GX201-07-16488231 1
983 1 GX219-40-7371937 1
983 1 GX219-44-2344276 1
983 1 GX219-46-0804970 1
983 1 GX219-47-0113227 1
983 1 GX219-47-10516438 1
983 1 GX219-47-15508834 1
983 1 GX219-47-4379737 1
983 1 GX219-79-5210338 1
983 1 GX219-79-7024793 1
983 1 GX219-79-9153592 1
983 1 GX219-86-3472216 1
983 1 GX220-55-6634800 1
983 1 GX220-57-9572068 1
983 1 GX220-58-3010790 1
983 1 GX221-43-15110711 1
983 1 GX221-43-6403759 1
983 1 GX221-44-2848521 1
983 1 GX221-46-3001507 1
983 1 GX221-47-7750071 1
983 1 GX221-47-9568183 1
983 1 GX225-90-8336874 1
984 0 GX241-64-10653000 1
985 0 GX192-70-3848784 1
985 1 GX065-82-14655671 1
986 0 GX045-10-11968100 1
987 0 GX247-63-6872770 1
988 0 GX079-48-6485933 1
988 1 GX061-84-1252332 1
988 1 GX126-96-8301138 1
988 1 GX131-05-6483666 1
988 1 GX218-42-4459318 1
989 0 GX246-61-3851607 1
990 0 GX081-58-1147760 1
990 1 GX024-13-8131818 0
990 1 GX173-86-9159113 0
991 0 GX023-17-13974757 1
992 0 GX019-91-16561814 1
992 1 GX012-88-16566249 1
992 1 GX019-28-16689836 1
992 1 GX020-33-0773356 1
992 1 GX021-24-3297271 1
992 1 GX026-76-7307583 1
992 1 GX031-74-11452382 1
992 1 GX032-24-2162269 1
992 1 GX042-73-11443974 1
992 1 GX054-94-13485442 1
993 0 GX002-06-2235645 1
994 0 GX257-72-0831403 1
995 0 GX071-54-12638763 1
995 1 GX009-61-4613464 1
995 1 GX009-96-8115638 1
995 1 GX010-63-7667225 1
995 1 GX018-55-5580831 0
995 1 GX022-72-2274268 1
995 1 GX028-25-14311777 1
995 1 GX029-08-5268269 1
995 1 GX031-38-4551651 1
995 1 GX034-16-11138651 1
995 1 GX035-02-10493734 1
995 1 GX037-20-8327628 1
995 1 GX037-58-3837960 0
995 1 GX037-91-8416321 0
995 1 GX043-78-13713869 1
995 1 GX049-61-9973099 1
995 1 GX049-87-2217006 1
995 1 GX053-49-7600993 0
995 1 GX053-68-6932415 1
995 1 GX054-44-12702597 1
995 1 GX054-67-5286109 1
995 1 GX054-81-4094045 1
995 1 GX055-06-8703701 1
995 1 GX056-10-5116730 1
995 1 GX059-62-9101649 1
995 1 GX060-23-16433164 1
995 1 GX061-23-12145087 1
995 1 GX061-28-0964860 1
995 1 GX061-63-14045287 1
995 1 GX062-72-14256381 1
995 1 GX065-31-10316471 1
995 1 GX065-58-7075140 1
995 1 GX066-24-4602657 1
995 1 GX067-00-0443955 1
995 1 GX067-60-11676880 1
995 1 GX067-80-8402883 1
995 1 GX068-07-2717835 1
995 1 GX068-41-1565378 1
995 1 GX068-74-12805821 1
995 1 GX069-28-11643792 1
995 1 GX069-32-10278255 1
995 1 GX069-57-11537843 1
995 1 GX069-66-2041871 1
995 1 GX069-73-10636442 1
995 1 GX069-74-2669955 1
995 1 GX070-08-16065447 1
995 1 GX070-75-6378738 1
995 1 GX071-78-1874838 1
995 1 GX072-40-6987565 1
995 1 GX072-51-1677383 1
995 1 GX073-14-0882292 1
995 1 GX073-32-4741369 1
995 1 GX073-69-7828828 1
995 1 GX074-78-16456297 1
995 1 GX075-15-5313284 1
995 1 GX075-38-3523330 1
995 1 GX075-87-4925914 1
995 1 GX076-55-13436907 1
995 1 GX107-83-15881304 1
995 1 GX108-08-1503904 1
995 1 GX113-46-15475555 1
995 1 GX210-70-1710945 0
995 1 GX218-86-4134561 1
995 1 GX219-08-7445760 1
995 1 GX221-69-4679372 0
995 1 GX223-93-6990585 0
995 1 GX224-85-10505026 0
996 0 GX182-24-14975926 1
997 0 GX079-79-7836367 1
998 0 GX166-03-3120498 1
998 1 GX019-57-13095887 0
998 1 GX027-69-8609412 0
998 1 GX028-54-12367189 0
998 1 GX034-70-3659410 0
998 1 GX034-90-4257290 0
998 1 GX036-69-7072885 0
998 1 GX038-83-13403618 0
998 1 GX041-24-8044412 0
998 1 GX042-01-14657630 0
998 1 GX043-28-12645701 0
998 1 GX048-51-9001009 0
998 1 GX049-36-14325409 0
998 1 GX050-54-13800069 0
998 1 GX052-51-16650963 0
998 1 GX056-57-15492836 0
998 1 GX057-68-6964965 0
998 1 GX059-66-4993336 0
998 1 GX060-19-1362352 0
998 1 GX060-41-15545142 0
998 1 GX065-84-2109186 0
998 1 GX066-00-13637704 0
998 1 GX069-73-12108327 0
998 1 GX069-74-12971808 0
998 1 GX075-41-5948985 0
998 1 GX079-31-15661513 0
998 1 GX079-38-1402135 0
998 1 GX079-38-15634558 0
998 1 GX080-62-10679882 0
998 1 GX080-85-5739876 0
998 1 GX081-17-9796107 0
998 1 GX081-19-7658679 0
998 1 GX081-35-3944452 0
998 1 GX081-44-12114782 0
998 1 GX081-92-5891360 0
998 1 GX081-98-8242757 0
998 1 GX082-60-6980297 0
998 1 GX083-24-15624959 0
998 1 GX084-37-2027414 0
998 1 GX084-39-11372253 0
998 1 GX084-66-16421532 0
998 1 GX084-67-15183377 0
998 1 GX085-08-4359185 0
998 1 GX085-36-2325222 0
998 1 GX085-43-12249536 0
998 1 GX085-67-1699840 0
998 1 GX086-11-8114572 0
998 1 GX086-63-14218092 0
998 1 GX086-84-3629361 0
998 1 GX086-93-6223453 0
998 1 GX086-96-2244683 0
998 1 GX087-59-5234267 0
998 1 GX088-22-8724902 0
998 1 GX088-29-6660290 0
998 1 GX088-36-3968756 0
998 1 GX088-51-8753867 0
998 1 GX088-58-7468297 0
998 1 GX088-81-10061390 0
998 1 GX088-94-14407303 0
998 1 GX089-57-12846646 0
998 1 GX089-78-13172023 0
998 1 GX089-79-8337954 0
998 1 GX089-94-8582996 0
998 1 GX090-18-13287661 0
998 1 GX090-63-8367036 0
998 1 GX090-74-2050840 0
998 1 GX090-85-3462233 0
998 1 GX090-93-6011048 0
998 1 GX091-02-5662525 0
998 1 GX091-10-2044624 0
998 1 GX091-23-8842861 0
998 1 GX091-37-14561125 0
998 1 GX091-72-2729883 0
998 1 GX092-31-9262432 0
998 1 GX092-78-9175549 0
998 1 GX092-86-12230563 0
998 1 GX093-12-9777483 0
998 1 GX093-27-8303370 0
998 1 GX093-57-3457450 0
998 1 GX094-10-15036364 0
998 1 GX094-12-15912190 0
998 1 GX094-13-10215087 0
998 1 GX094-75-12133059 0
998 1 GX095-08-5077234 0
998 1 GX095-45-6437944 0
998 1 GX096-03-13623706 0
998 1 GX096-18-5851540 0
998 1 GX096-35-7399104 0
998 1 GX096-55-1077850 0
998 1 GX096-86-8855960 0
998 1 GX097-03-7854078 0
998 1 GX097-55-13979293 0
998 1 GX097-92-5996832 0
998 1 GX098-32-12512094 0
998 1 GX098-34-0126597 0
998 1 GX099-14-10924217 0
998 1 GX099-21-12910287 0
998 1 GX099-40-4531391 0
998 1 GX099-71-4813230 0
998 1 GX099-90-2495935 0
998 1 GX099-96-14855577 0
998 1 GX100-58-10193127 0
998 1 GX100-97-1980103 0
998 1 GX101-07-15225016 0
998 1 GX101-34-6088273 0
998 1 GX101-38-8903594 0
998 1 GX101-47-1085985 0
998 1 GX101-58-2075997 0
998 1 GX102-08-13503756 0
998 1 GX102-15-7021063 0
998 1 GX102-89-10489431 0
998 1 GX103-44-5119447 0
998 1 GX103-82-12773986 0
998 1 GX104-18-1660949 0
998 1 GX104-19-9502598 0
998 1 GX104-43-12481814 0
998 1 GX104-47-7294741 0
998 1 GX104-53-1290990 0
998 1 GX104-87-11485793 0
998 1 GX105-72-9225759 0
998 1 GX106-18-10483461 0
998 1 GX106-41-0283308 0
998 1 GX106-41-1452382 0
998 1 GX106-47-14609870 0
998 1 GX106-63-15308098 0
998 1 GX106-91-15443591 0
998 1 GX106-96-15748074 0
998 1 GX107-42-12240160 0
998 1 GX107-56-15422281 0
998 1 GX107-61-6650128 0
998 1 GX107-92-15778771 0
998 1 GX108-53-12155523 0
998 1 GX108-55-16177046 0
998 1 GX108-57-10276940 0
998 1 GX108-69-0398731 0
998 1 GX108-71-16272286 0
998 1 GX108-95-11177475 0
998 1 GX109-10-8857915 0
998 1 GX109-20-8693149 0
998 1 GX109-74-15922370 0
998 1 GX110-14-3779559 0
998 1 GX110-17-7675310 0
998 1 GX110-33-15405303 0
998 1 GX110-60-3837392 0
998 1 GX110-93-11847333 0
998 1 GX110-99-4806996 0
998 1 GX111-75-5900399 0
998 1 GX112-21-10181875 0
998 1 GX112-36-14893990 0
998 1 GX112-95-5632318 0
998 1 GX112-98-9544746 0
998 1 GX113-22-6706180 0
998 1 GX113-29-6860503 0
998 1 GX113-32-12816289 0
998 1 GX113-34-8731123 0
998 1 GX113-55-9151385 0
998 1 GX113-94-15684284 0
998 1 GX114-04-16301079 0
998 1 GX114-65-10187274 0
998 1 GX114-88-15756175 0
998 1 GX114-99-8244873 0
998 1 GX115-37-0100090 0
998 1 GX115-41-10747459 0
998 1 GX115-74-9465538 0
998 1 GX115-80-9159575 0
998 1 GX116-42-5973414 0
998 1 GX116-75-10500334 0
998 1 GX117-02-2163342 0
998 1 GX117-24-8525863 0
998 1 GX117-53-5023561 0
998 1 GX117-87-13772072 0
998 1 GX118-09-13196264 0
998 1 GX118-12-11358397 0
998 1 GX118-29-0804282 0
998 1 GX118-85-4976730 0
998 1 GX119-09-11680034 0
998 1 GX119-24-11113151 0
998 1 GX119-27-11818913 0
998 1 GX119-39-10564799 0
998 1 GX119-51-5453981 0
998 1 GX119-83-3956017 0
998 1 GX120-03-7923541 0
998 1 GX120-18-0551708 0
998 1 GX120-92-13023967 0
998 1 GX121-22-7784610 0
998 1 GX121-38-6365777 0
998 1 GX121-96-2042896 0
998 1 GX122-35-16551721 0
998 1 GX122-43-9528623 0
998 1 GX122-55-9550896 0
998 1 GX123-32-1983405 0
998 1 GX123-45-14474729 0
998 1 GX123-66-2902887 0
998 1 GX123-66-9425308 0
998 1 GX123-69-12509919 0
998 1 GX123-76-16761577 0
998 1 GX123-79-1359430 0
998 1 GX123-80-13698724 0
998 1 GX123-93-16034602 0
998 1 GX124-02-8777929 0
998 1 GX124-09-1777868 0
998 1 GX124-41-6435440 0
998 1 GX124-58-0741243 0
998 1 GX124-82-8687391 0
998 1 GX124-94-1475821 0
998 1 GX125-14-3729056 0
998 1 GX125-40-6429032 0
998 1 GX126-08-5542175 0
998 1 GX126-17-14740524 0
998 1 GX126-39-12900949 0
998 1 GX126-93-8436966 0
998 1 GX127-12-6068695 0
998 1 GX127-13-16066320 0
998 1 GX127-29-11049799 0
998 1 GX127-51-2934916 0
998 1 GX127-68-5556693 0
998 1 GX127-92-9821372 0
998 1 GX127-95-4567013 0
998 1 GX128-19-0803480 0
998 1 GX128-26-10296260 0
998 1 GX128-31-0281817 0
998 1 GX128-39-13118202 0
998 1 GX128-67-7129961 0
998 1 GX128-82-14405777 0
998 1 GX129-06-12010356 0
998 1 GX129-50-3705106 0
998 1 GX129-85-2459287 0
998 1 GX130-02-7106330 0
998 1 GX130-18-16752389 0
998 1 GX130-52-9490191 0
998 1 GX130-76-1480174 0
998 1 GX131-64-2574911 0
998 1 GX131-70-9130850 0
998 1 GX132-11-12532463 0
998 1 GX132-22-8199453 0
998 1 GX132-30-12227304 0
998 1 GX132-51-8483460 0
998 1 GX137-49-2957579 0
998 1 GX137-51-9085039 0
998 1 GX137-53-2290302 0
998 1 GX140-56-14981801 0
998 1 GX140-64-15804051 0
998 1 GX146-68-11216896 0
998 1 GX159-13-2746644 0
998 1 GX159-28-12886098 0
998 1 GX159-32-11225893 0
998 1 GX159-43-3186303 0
998 1 GX159-77-14510314 0
998 1 GX160-61-16491943 0
998 1 GX161-10-7213153 0
998 1 GX161-19-14204920 0
998 1 GX161-83-15926894 0
998 1 GX161-90-6989431 0
998 1 GX162-19-13025864 0
998 1 GX162-63-14323230 0
998 1 GX162-74-6349818 0
998 1 GX163-15-4986281 0
998 1 GX163-25-9108941 0
998 1 GX163-30-1083297 0
998 1 GX163-38-1413103 0
998 1 GX163-53-10061122 0
998 1 GX164-24-5290827 0
998 1 GX164-80-4226746 0
998 1 GX165-04-4603766 0
998 1 GX165-07-9709216 0
998 1 GX165-23-10165659 0
998 1 GX165-41-8912009 0
998 1 GX166-00-11563323 0
998 1 GX166-01-15631520 0
998 1 GX166-06-6302720 0
998 1 GX166-33-3582805 0
998 1 GX167-47-16154868 0
998 1 GX167-77-14002036 0
998 1 GX167-93-0032376 0
998 1 GX167-97-11870837 0
998 1 GX167-98-5535615 0
998 1 GX168-97-11512089 0
998 1 GX169-02-0067153 0
998 1 GX169-03-13200254 0
998 1 GX169-66-2366577 0
998 1 GX170-06-4734928 0
998 1 GX170-11-10206432 0
998 1 GX170-11-14878136 0
998 1 GX170-77-0334018 0
998 1 GX171-30-2538204 0
998 1 GX171-37-6902555 0
998 1 GX171-90-5308723 0
998 1 GX171-91-9093521 0
998 1 GX172-47-11436306 0
998 1 GX172-50-11842585 0
998 1 GX172-62-9975506 0
998 1 GX172-85-10661622 0
998 1 GX172-85-2238305 0
998 1 GX173-07-1696051 0
998 1 GX173-13-8062223 0
998 1 GX173-77-8311668 0
998 1 GX174-12-12497023 0
998 1 GX175-02-14896744 0
998 1 GX175-18-9157076 0
998 1 GX175-24-15327881 0
998 1 GX175-27-14149297 0
998 1 GX175-50-13906218 0
998 1 GX175-63-15791257 0
998 1 GX175-87-12353017 0
998 1 GX175-93-16185583 0
998 1 GX176-14-10546236 0
998 1 GX176-45-2522014 0
998 1 GX176-47-4410563 0
998 1 GX177-18-4140426 0
998 1 GX177-50-1279276 0
998 1 GX178-13-9659797 0
998 1 GX178-82-12629627 0
998 1 GX178-84-10918877 0
998 1 GX179-31-9060287 0
998 1 GX179-41-3777509 0
998 1 GX179-42-8977812 0
998 1 GX179-51-11377679 0
998 1 GX179-57-1713839 0
998 1 GX179-64-8247649 0
998 1 GX179-77-3524145 0
998 1 GX180-58-12758486 0
998 1 GX180-61-2314511 0
998 1 GX180-64-0698367 0
998 1 GX180-78-16630521 0
998 1 GX180-80-14669398 0
998 1 GX181-61-12560583 0
998 1 GX182-21-15722136 0
998 1 GX182-74-7604697 0
998 1 GX182-89-16231281 0
998 1 GX183-16-2429631 0
998 1 GX183-27-5839766 0
998 1 GX183-43-3616770 0
998 1 GX183-69-6052869 0
998 1 GX183-78-5293778 0
998 1 GX183-84-2591519 0
998 1 GX183-84-8535429 0
998 1 GX183-86-1757357 0
998 1 GX183-98-11358862 0
998 1 GX184-19-3508065 0
998 1 GX184-22-8622568 0
998 1 GX184-90-14839963 0
998 1 GX185-05-9651916 0
998 1 GX185-11-6191664 0
998 1 GX185-16-3991356 0
998 1 GX185-21-15604972 0
998 1 GX185-35-3523091 0
998 1 GX185-45-1347723 0
998 1 GX185-48-10164511 0
998 1 GX185-51-2559131 0
998 1 GX185-51-5936262 0
998 1 GX185-82-7936719 0
998 1 GX185-97-5186640 0
998 1 GX186-03-13948882 0
998 1 GX186-10-12813699 0
998 1 GX186-23-5318905 0
998 1 GX186-34-9835034 0
998 1 GX186-39-13216937 0
998 1 GX186-43-12953232 0
998 1 GX186-51-10292770 0
998 1 GX186-58-7384014 0
998 1 GX186-59-1206122 0
998 1 GX186-62-14889652 0
998 1 GX186-62-2391381 0
998 1 GX186-73-11416751 0
998 1 GX186-78-16204218 0
998 1 GX186-94-9429351 0
998 1 GX187-52-8849799 0
998 1 GX187-55-4878513 0
998 1 GX187-55-8153434 0
998 1 GX188-32-4857055 0
998 1 GX188-41-1975898 0
998 1 GX188-75-12687906 0
998 1 GX188-92-14760531 0
998 1 GX188-97-5686397 0
998 1 GX189-60-13567400 0
998 1 GX190-56-2181457 0
998 1 GX190-86-1469827 0
998 1 GX190-90-15899083 0
998 1 GX191-23-3488252 0
998 1 GX201-52-7017295 0
998 1 GX201-59-4970487 0
998 1 GX201-88-2706132 0
998 1 GX201-88-7910034 0
998 1 GX202-06-3839638 0
998 1 GX202-60-16625168 0
998 1 GX202-77-9098723 0
998 1 GX202-90-6271252 0
998 1 GX203-00-14973215 0
998 1 GX203-03-16265425 0
998 1 GX203-50-12277589 0
998 1 GX203-58-6976188 0
998 1 GX203-61-5056183 0
998 1 GX203-74-10130642 0
998 1 GX203-76-4493701 0
998 1 GX203-91-5300994 0
998 1 GX203-98-3927240 0
998 1 GX204-70-3450459 0
998 1 GX204-74-5583456 0
998 1 GX204-88-7669979 0
998 1 GX206-06-5425541 0
998 1 GX207-84-1643056 0
998 1 GX208-05-13712857 0
998 1 GX208-14-3217791 0
998 1 GX208-43-12792448 0
998 1 GX208-51-7412076 0
998 1 GX208-83-15314111 0
998 1 GX209-10-6033329 0
998 1 GX209-17-15416041 0
998 1 GX209-26-13093345 0
998 1 GX209-61-14323376 0
998 1 GX209-70-7623390 0
998 1 GX209-77-4300992 0
998 1 GX209-92-16082403 0
998 1 GX212-58-10898377 0
998 1 GX213-08-15596882 0
998 1 GX213-44-13300198 0
998 1 GX213-66-5896441 0
998 1 GX214-55-4929836 0
998 1 GX215-47-9764576 0
998 1 GX215-93-14625206 0
998 1 GX216-51-0210579 0
998 1 GX222-13-12828912 0
998 1 GX222-14-14161162 0
998 1 GX222-15-11835246 0
998 1 GX224-11-11806278 0
998 1 GX224-89-14053624 0
998 1 GX224-90-7667996 0
999 0 GX000-57-7668829 1
1000 0 GX229-12-14421791 1
1000 1 GX229-12-13404859 0
1000 1 GX229-12-15619829 0
1000 1 GX229-12-5502367 0
1000 1 GX229-13-15696454 0
1000 1 GX229-13-3580727 0
1000 1 GX229-14-1043463 0
1000 1 GX229-14-3033659 0
1000 1 GX229-15-11695817 0
1000 1 GX229-17-11482208 0
1000 1 GX229-18-10204612 0
1000 1 GX229-18-14978538 0
1000 1 GX229-22-9254577 0
1000 1 GX230-23-1063421 0
1000 1 GX230-23-7925620 0
1000 1 GX230-25-12274398 0
1000 1 GX230-26-6657031 0
1000 1 GX230-41-5773293 0
1000 1 GX246-62-4062924 0
1000 1 GX246-73-14700961 0
1000 1 GX247-23-13924382 0
1000 1 GX248-74-11365915 0
1000 1 GX249-04-6868736 0
1000 1 GX250-67-15585644 0
1000 1 GX251-78-8505498 0
1000 1 GX251-82-0566589 0
1000 1 GX251-84-1672138 0
1000 1 GX253-72-16197501 0
1000 1 GX253-73-0484506 0
1000 1 GX253-73-11657993 0
1000 1 GX253-73-13153676 0
1000 1 GX253-73-14147380 0
1000 1 GX253-73-14961958 0
1000 1 GX253-73-1973558 0
1000 1 GX253-73-9333343 0
1000 1 GX253-74-0232843 0
1000 1 GX253-74-11547250 0
1000 1 GX253-74-11870915 0
1000 1 GX253-74-14164194 0
1000 1 GX253-74-14199741 0
1000 1 GX253-74-15658494 0
1000 1 GX253-74-15813366 0
1000 1 GX253-74-15899731 0
1000 1 GX253-74-9982898 0
1000 1 GX253-75-10117829 0
1000 1 GX253-75-1097060 0
1000 1 GX253-75-15185571 0
1000 1 GX253-75-6973378 0
1000 1 GX253-76-11152259 0
1000 1 GX253-76-12180232 0
1000 1 GX253-76-4444392 0
1000 1 GX253-77-0742521 0
1000 1 GX253-77-12283371 0
1000 1 GX253-77-13533572 0
1000 1 GX253-77-14452241 0
1000 1 GX253-77-4439544 0
1000 1 GX253-77-7241823 0
1000 1 GX253-77-8967482 0
1000 1 GX253-78-16118059 0
1000 1 GX253-78-16347954 0
1000 1 GX253-78-16628952 0
1000 1 GX253-79-12478631 0
1000 1 GX253-79-15529178 0
1000 1 GX253-79-4941584 0
1000 1 GX253-79-7587817 0
1000 1 GX253-80-11478960 0
1000 1 GX253-80-1151766 0
1000 1 GX253-80-4686726 0
1000 1 GX253-80-5665482 0
1000 1 GX253-81-0048304 0
1000 1 GX253-81-0655355 0
1000 1 GX253-81-1083832 0
1000 1 GX253-81-1416468 0
1000 1 GX253-81-3186809 0
1000 1 GX253-81-4253761 0
1000 1 GX253-81-7769848 0
1000 1 GX253-83-0485023 0
1000 1 GX253-83-3548584 0
1000 1 GX253-84-10510665 0
1000 1 GX253-84-13943757 0
1000 1 GX253-85-15883515 0
1000 1 GX253-85-16325910 0
1000 1 GX255-87-10305481 0
1000 1 GX260-32-7631443 0
1000 1 GX260-32-9266332 0
1001 0 GX197-56-4265031 1
1001 1 GX036-16-4980328 1
1001 1 GX093-05-6591645 1
1001 1 GX105-96-12931008 1
1001 1 GX107-88-10931185 1
1001 1 GX197-51-9797960 1
1002 0 GX232-78-14984612 1
1003 0 GX233-44-1602877 1
1003 1 GX234-33-10913926 0
1003 1 GX235-73-9982781 0
1004 0 GX131-40-15162336 1
1004 1 GX040-07-1070817 0
1005 0 GX000-65-11548344 1
1005 1 GX012-56-4994608 0
1006 0 GX027-53-15284856 1
1007 0 GX015-19-5384916 1
1007 1 GX086-79-9855354 1
1007 1 GX227-32-3045213 1
1007 1 GX228-11-7860795 1
1008 0 GX085-24-8358467 1
1008 1 GX057-08-2944037 1
1008 1 GX057-65-11736218 1
1008 1 GX057-96-0396149 1
1008 1 GX057-96-13564464 1
1008 1 GX059-42-3825965 1
1008 1 GX063-73-9952339 1
1008 1 GX065-11-12338772 1
1008 1 GX068-08-0716943 1
1008 1 GX072-21-5525543 1
1008 1 GX076-22-0918794 1
1008 1 GX086-02-8304932 1
1008 1 GX086-04-4739335 1
1008 1 GX088-84-10884697 1
1008 1 GX094-99-4164153 1
1008 1 GX107-39-9815853 1
1008 1 GX108-66-11189313 1
1008 1 GX109-19-7116275 1
1008 1 GX118-08-4923986 1
1008 1 GX131-37-16366150 1
1008 1 GX138-44-12385472 1
1008 1 GX147-35-3138051 1
1008 1 GX150-93-11464544 1
1008 1 GX151-24-3333928 1
1008 1 GX155-04-1843854 1
1008 1 GX169-67-2316852 1
1008 1 GX171-77-8534364 1
1008 1 GX199-88-4910758 1
1008 1 GX217-00-6937711 1
1009 0 GX070-38-13638521 1
1010 0 GX001-87-9540665 1
1010 1 GX062-11-10882871 0
1011 0 GX240-49-0430393 1
1012 0 GX036-28-1649397 1
1012 1 GX012-29-5138434 0
1013 0 GX037-67-4482740 1
1013 1 GX004-47-12389465 0
1013 1 GX009-65-4711885 0
1013 1 GX009-84-8611776 0
1013 1 GX012-78-6021314 0
1013 1 GX016-21-6136851 0
1013 1 GX037-68-9283675 0
1013 1 GX045-22-9595537 0
1013 1 GX045-46-13937019 0
1014 0 GX036-95-14502109 1
1015 0 GX004-42-13859705 1
1016 0 GX046-35-4106536 1
1017 0 GX036-31-10092591 1
1018 0 GX000-00-13372648 1
1018 1 GX000-19-7695340 1
1018 1 GX002-07-0276270 0
1019 0 GX005-52-14214226 1
1020 0 GX240-33-5133786 1
1021 0 GX009-10-12336877 1
1021 1 GX003-86-4615882 0
1021 1 GX004-42-13762653 0
1021 1 GX005-14-4347671 0
1021 1 GX005-30-4642548 0
1021 1 GX005-37-12806522 0
1021 1 GX005-47-1577931 0
1021 1 GX005-96-1684520 0
1021 1 GX005-97-10339990 0
1021 1 GX006-07-10840580 0
1021 1 GX006-30-0154437 0
1021 1 GX006-49-3059157 0
1021 1 GX006-51-12502009 0
1021 1 GX006-79-2299358 0
1021 1 GX007-20-0978296 0
1021 1 GX007-23-4946694 0
1021 1 GX007-41-11810395 0
1021 1 GX007-52-2857589 0
1021 1 GX007-59-0803767 0
1021 1 GX007-66-6720998 0
1021 1 GX008-00-9356166 0
1021 1 GX035-36-10247378 0
1021 1 GX036-63-13093540 0
1021 1 GX037-19-6833410 0
1021 1 GX037-77-13983412 0
1021 1 GX037-98-1048966 0
1021 1 GX039-44-1371499 0
1021 1 GX039-47-12290255 0
1021 1 GX039-51-1489656 0
1021 1 GX039-64-15141327 0
1021 1 GX041-29-14520007 0
1021 1 GX041-66-14898467 0
1021 1 GX041-80-3035722 0
1021 1 GX042-00-7855771 0
1021 1 GX043-00-2826767 0
1021 1 GX043-05-15358418 0
1021 1 GX045-01-16472932 0
1021 1 GX045-93-0272951 0
1021 1 GX046-28-9697700 0
1021 1 GX046-34-2105644 0
1021 1 GX047-32-14571885 0
1021 1 GX047-72-11548787 0
1021 1 GX048-06-0108887 0
1021 1 GX048-61-6152899 0
1021 1 GX050-09-9960160 0
1021 1 GX050-90-10143962 0
1022 0 GX000-82-3300803 1
1023 0 GX000-11-16305155 1
1023 1 GX045-87-9537222 1
1023 1 GX082-34-3347420 1
1024 0 GX021-53-4163598 1
1025 0 GX042-47-3124125 1
1026 0 GX021-54-11353856 1
1026 1 GX048-32-1738802 1
1027 0 GX035-99-1332243 1
1027 1 GX028-03-13338459 0
1027 1 GX028-06-11407381 0
1027 1 GX028-07-14586805 0
1027 1 GX028-08-11266046 0
1027 1 GX028-08-12103039 0
1027 1 GX028-08-3646511 0
1027 1 GX028-08-6139181 0
1027 1 GX028-10-11359619 0
1027 1 GX034-83-13551995 0
1027 1 GX034-86-3801272 0
1027 1 GX034-89-7833141 0
1027 1 GX035-07-6140211 0
1027 1 GX035-27-8076299 0
1027 1 GX035-50-2156486 0
1027 1 GX035-58-11951902 0
1027 1 GX035-66-15059426 0
1027 1 GX035-71-14347546 0
1027 1 GX035-71-2386628 0
1027 1 GX035-86-1968468 0
1027 1 GX036-25-2734704 0
1027 1 GX036-59-15673541 0
1027 1 GX036-59-4269834 0
1027 1 GX036-81-7133440 0
1027 1 GX037-08-16068041 0
1027 1 GX037-33-4838495 0
1027 1 GX037-60-3130997 0
1027 1 GX038-37-0664502 0
1027 1 GX038-57-6298607 0
1027 1 GX038-81-15976502 0
1027 1 GX039-04-8926149 0
1027 1 GX039-69-16079442 0
1027 1 GX039-74-8317943 0
1027 1 GX040-26-8212850 0
1027 1 GX040-83-13284920 0
1027 1 GX040-98-9259628 0
1027 1 GX041-04-15046348 0
1027 1 GX041-56-0752298 0
1027 1 GX042-05-1180851 0
1027 1 GX042-18-6731885 0
1027 1 GX042-58-10169142 0
1027 1 GX042-85-13144266 0
1027 1 GX043-52-14465147 0
1027 1 GX044-23-4276135 0
1027 1 GX044-86-3655471 0
1027 1 GX044-89-11722825 0
1027 1 GX044-94-5935560 0
1027 1 GX045-13-16653209 0
1027 1 GX045-44-16277129 0
1027 1 GX046-14-1666262 0
1027 1 GX046-60-14912875 0
1027 1 GX048-44-0192509 0
1027 1 GX048-69-16414045 0
1027 1 GX048-77-6294834 0
1027 1 GX049-97-14556535 0
1027 1 GX050-39-9631997 0
1027 1 GX050-45-13664213 0
1027 1 GX050-49-1069854 0
1027 1 GX050-71-14502263 0
1027 1 GX050-87-6040052 0
1027 1 GX050-98-4574783 0
1027 1 GX056-55-0538332 0
1027 1 GX057-79-0590247 0
1027 1 GX057-80-8812850 0
1027 1 GX057-95-0185496 0
1027 1 GX058-00-0334992 0
1027 1 GX058-00-12506736 0
1027 1 GX058-02-1289875 0
1027 1 GX058-12-14290818 0
1027 1 GX058-15-4066214 0
1027 1 GX058-26-3496272 0
1027 1 GX066-31-5453890 0
1027 1 GX067-46-15015293 0
1027 1 GX081-00-9883155 0
1027 1 GX084-26-8363031 0
1027 1 GX086-79-4442712 0
1027 1 GX093-43-9419739 0
1027 1 GX097-41-9804587 0
1027 1 GX100-11-15006971 0
1027 1 GX102-99-4572318 0
1027 1 GX103-28-5047769 0
1027 1 GX104-14-15554542 0
1027 1 GX106-66-12070075 0
1027 1 GX106-87-1847707 0
1028 0 GX003-88-6067995 1
1029 0 GX231-90-12262555 1
1030 0 GX000-59-11302287 1
1030 1 GX049-33-3569191 1
1031 0 GX011-38-7181812 1
1031 1 GX003-30-4010482 0
1031 1 GX009-76-14044432 0
1031 1 GX020-16-15036842 0
1031 1 GX021-76-14094301 0
1031 1 GX021-86-5177179 0
1031 1 GX031-54-14031938 0
1031 1 GX038-80-11717196 0
1031 1 GX050-26-2922943 0
1031 1 GX061-86-14764752 0
1031 1 GX067-12-4996587 0
1031 1 GX079-27-1690557 0
1031 1 GX079-44-15594107 0
1031 1 GX079-64-2964709 0
1031 1 GX079-97-6454162 0
1031 1 GX080-26-9428750 0
1031 1 GX096-70-1132582 0
1031 1 GX097-50-15178041 0
1031 1 GX100-04-5679976 0
1031 1 GX104-43-4516961 0
1031 1 GX107-20-0364629 0
1031 1 GX107-36-0642662 0
1031 1 GX109-31-11410193 0
1031 1 GX109-33-15254156 0
1031 1 GX109-37-0484149 0
1031 1 GX109-39-8330061 0
1031 1 GX109-41-5655499 0
1031 1 GX109-44-13216426 0
1031 1 GX111-08-7082263 0
1031 1 GX111-09-15931234 0
1031 1 GX111-14-3489726 0
1031 1 GX122-99-8276051 0
1031 1 GX129-88-0245265 0
1031 1 GX133-55-15942176 0
1031 1 GX133-56-7081896 0
1031 1 GX134-17-9314831 0
1031 1 GX147-17-11991519 0
1031 1 GX147-22-14875518 0
1032 0 GX003-69-8992067 1
1032 1 GX007-82-15248317 0
1032 1 GX008-33-0426364 0
1032 1 GX021-75-9084256 0
1032 1 GX025-24-2958402 0
1032 1 GX035-64-6449713 0
1032 1 GX040-82-8415471 0
1033 0 GX000-06-7112768 1
1033 1 GX032-53-10159286 1
1033 1 GX089-88-0127162 1
1034 0 GX008-86-0327633 1
1035 0 GX130-73-11696953 1
1036 0 GX170-89-7674388 1
1037 0 GX112-42-10585053 1
1038 0 GX050-81-15099645 1
1038 1 GX002-49-13281756 1
1039 0 GX000-88-3411471 1
1039 1 GX105-19-12459910 0
1040 0 GX000-73-5175011 1
1041 0 GX000-00-13545757 1
1041 1 GX045-13-2103559 1
1041 1 GX089-59-16229995 1
1041 1 GX101-37-2927090 1
1042 0 GX000-21-6498045 1
1042 1 GX038-62-6502861 1
1042 1 GX088-14-7585230 1
1043 0 GX229-14-0003717 1
1044 0 GX006-75-7046964 1
1045 0 GX005-89-12726881 1
1045 1 GX015-94-14347644 0
1046 0 GX026-32-6915111 1
1047 0 GX023-35-2749379 1
1047 1 GX014-90-12873465 1
1047 1 GX225-67-13443874 1
1048 0 GX000-09-15315873 1
1048 1 GX044-12-13098666 1
1049 0 GX030-21-1136872 1
1049 1 GX080-14-14534570 0
1050 0 GX001-98-12955806 1
1051 0 GX003-77-7481212 1
1051 1 GX001-99-9753460 0
1052 0 GX040-72-14352266 1
1052 1 GX121-44-1892283 1
1053 0 GX257-93-4694968 1
1054 0 GX001-95-11556881 1
1055 0 GX005-94-0601152 1
1056 0 GX001-41-5084519 1
1056 1 GX000-72-15533245 0
1056 1 GX000-81-7076241 0
1056 1 GX000-90-11302955 0
1056 1 GX000-93-16768965 0
1056 1 GX001-24-12229680 0
1056 1 GX001-66-2736735 0
1056 1 GX001-99-1564807 0
1056 1 GX002-09-9147046 0
1056 1 GX002-32-4158324 0
1056 1 GX013-47-10502347 0
1056 1 GX013-48-11758763 0
1056 1 GX013-49-14325990 0
1056 1 GX013-56-10334071 0
1056 1 GX013-74-8321499 0
1056 1 GX013-95-6126691 0
1056 1 GX014-15-12191398 0
1056 1 GX014-18-9344020 0
1056 1 GX014-38-6101431 0
1056 1 GX014-72-6859521 0
1056 1 GX015-07-10521908 0
1056 1 GX015-19-2973761 0
1056 1 GX015-40-12507038 0
1056 1 GX015-42-6898830 0
1056 1 GX015-43-3330296 0
1056 1 GX015-44-10282813 0
1056 1 GX015-45-11418726 0
1056 1 GX015-65-3481262 0
1056 1 GX015-66-7135785 0
1056 1 GX015-67-6271247 0
1056 1 GX015-69-12573034 0
1056 1 GX015-69-6769613 0
1056 1 GX015-72-7246886 0
1056 1 GX015-73-5954174 0
1056 1 GX015-79-2768332 0
1056 1 GX015-80-14182090 0
1056 1 GX015-83-15869481 0
1056 1 GX015-87-5570435 0
1056 1 GX015-92-12117315 0
1056 1 GX015-93-4883265 0
1056 1 GX034-12-6359714 0
1056 1 GX034-56-8333150 0
1057 0 GX000-45-4274849 1
1058 0 GX006-55-7597203 1
1058 1 GX001-77-2903864 0
1058 1 GX014-83-0622418 0
1059 0 GX053-50-0382187 1
1060 0 GX000-92-16325059 1
1060 1 GX001-77-2903864 0
1060 1 GX014-83-0622418 0
1061 0 GX257-97-14122616 1
1061 1 GX260-64-1528738 1
1062 0 GX009-24-7982701 1
1062 1 GX008-38-6693652 0
1063 0 GX236-11-5312722 1
1063 1 GX263-99-2809018 1
1064 0 GX261-60-11076620 1
1065 0 GX248-40-5490211 1
1066 0 GX236-96-8196463 1
1066 1 GX236-74-10776030 0
1067 0 GX235-52-1317193 1
1067 1 GX229-04-10565720 0
1067 1 GX229-54-4721345 0
1067 1 GX229-88-2789987 0
1067 1 GX230-72-9560577 0
1067 1 GX231-28-4876322 0
1067 1 GX232-20-0029205 0
1067 1 GX232-31-13991332 0
1067 1 GX232-76-14556876 0
1067 1 GX232-90-0496262 0
1067 1 GX233-99-4088836 0
1067 1 GX235-07-7326765 0
1067 1 GX250-18-14799152 0
1067 1 GX250-65-11727893 0
1067 1 GX251-17-15872877 0
1067 1 GX251-34-8026823 0
1067 1 GX252-11-4596761 0
1067 1 GX252-47-8457202 0
1067 1 GX252-84-11165419 0
1067 1 GX253-47-16067046 0
1067 1 GX253-88-9225004 0
1067 1 GX254-35-9951534 0
1067 1 GX254-85-9546674 0
1067 1 GX255-34-11567594 0
1067 1 GX255-74-11257216 0
1067 1 GX255-90-10256356 0
1067 1 GX256-28-14118902 0
1067 1 GX256-39-16265144 0
1067 1 GX256-86-0127799 0
1067 1 GX257-19-13405210 0
1067 1 GX257-52-6876571 0
1067 1 GX257-80-2694594 0
1067 1 GX258-11-0977329 0
1067 1 GX259-17-12240312 0
1067 1 GX259-51-15449175 0
1067 1 GX259-70-14555516 0
1067 1 GX259-99-16709699 0
1067 1 GX260-56-5792282 0
1067 1 GX261-75-7877473 0
1067 1 GX261-90-15387551 0
1067 1 GX262-22-13096729 0
1067 1 GX262-39-15254517 0
1068 0 GX018-92-0308264 1
1068 1 GX000-73-8308039 0
1068 1 GX001-04-8500733 0
1068 1 GX001-46-6258296 0
1068 1 GX002-10-12134802 0
1068 1 GX002-77-5459160 0
1068 1 GX002-86-6919087 0
1068 1 GX003-35-6297020 0
1068 1 GX003-62-7884322 0
1068 1 GX003-90-3009348 0
1068 1 GX004-31-4903157 0
1068 1 GX004-78-13730409 0
1068 1 GX005-14-5431328 0
1068 1 GX005-15-11470355 0
1068 1 GX005-15-11664050 0
1068 1 GX009-87-3386408 0
1068 1 GX009-91-10966012 0
1068 1 GX009-94-8453410 0
1068 1 GX010-15-13757668 0
1068 1 GX010-15-2846070 0
1068 1 GX010-27-2314853 0
1068 1 GX011-66-3051910 0
1068 1 GX012-21-4086555 0
1068 1 GX012-27-3614338 0
1068 1 GX012-51-16111400 0
1068 1 GX012-55-6404593 0
1068 1 GX012-58-15682198 0
1068 1 GX014-15-3595708 0
1068 1 GX017-16-6907539 0
1068 1 GX018-84-6622786 0
1068 1 GX018-97-0553608 0
1068 1 GX018-97-12614048 0
1068 1 GX018-99-12853630 0
1068 1 GX019-11-12138569 0
1068 1 GX019-39-11355503 0
1068 1 GX044-53-2434022 0
1068 1 GX045-94-10956950 0
1068 1 GX046-58-3837094 0
1068 1 GX225-89-16462817 0
1068 1 GX226-03-9080860 0
1069 0 GX009-23-10675837 1
1069 1 GX007-74-9354354 0
1069 1 GX008-20-16006296 0
1069 1 GX008-59-8315479 0
1069 1 GX009-02-0094246 0
1070 0 GX202-91-8067712 1
1071 0 GX115-87-3908221 1
1071 1 GX033-42-16177684 0
1071 1 GX051-83-13475353 0
1071 1 GX051-85-0611474 0
1071 1 GX106-42-8530085 0
1071 1 GX107-44-4743304 0
1071 1 GX115-79-8888717 0
1071 1 GX115-80-9289702 0
1071 1 GX115-84-0772532 0
1071 1 GX115-87-11103669 0
1071 1 GX115-92-12777406 0
1071 1 GX161-23-14567067 0
1071 1 GX161-69-13640362 0
1071 1 GX162-87-2420383 0
1072 0 GX225-81-6573452 1
1073 0 GX075-57-13757266 1
1073 1 GX230-83-7114146 1
1074 0 GX020-59-15797009 1
1075 0 GX244-74-16216674 1
1075 1 GX241-83-5650040 0
1076 0 GX083-91-8627695 1
1076 1 GX029-36-10861788 0
1077 0 GX038-35-15516393 1
1078 0 GX017-87-0983150 1
1079 0 GX015-43-2582953 1
1079 1 GX014-96-11623317 0
1079 1 GX022-35-9619669 0
1079 1 GX023-25-4989983 0
1080 0 GX006-62-10248349 1
1080 1 GX002-08-0445127 1
1081 0 GX136-71-9506712 1
